13.5200519 49.8897047
13.5204655 49.890807
13.5209929 49.8919851
13.5222386 49.8934762
13.52295 49.8942702
13.5231938 49.894596
13.5236349 49.8949107
13.5239639 49.895003
13.5250662 49.8951197
13.5255716 49.8952241
13.5259819 49.8953695
13.5271447 49.8959303
13.5273999 49.8960053
13.527718 49.8960109
13.5281697 49.8959438
13.5293893 49.8955885
13.5320602 49.8946836
13.5339177 49.894264
13.5344345 49.8941175
13.5369936 49.8942996
13.5382696 49.894574
13.5389569 49.895003
13.539867 49.895781
13.5414892 49.8969147
13.5420424 49.8972502
13.5430754 49.8980702
13.5436732 49.898415
13.5438876 49.8985801
13.5445918 49.899124
13.5447172 49.8992209
13.545075 49.8995928
13.5455337 49.9004526
13.5457475 49.9009275
13.5459135 49.9014389
13.5460159 49.9016422
13.5462628 49.9022355
13.5465417 49.9025729
13.5472217 49.9033404
13.548535 49.9051039
13.5489343 49.9054893
13.5490245 49.9057499
13.5492512 49.9060527
13.5494086 49.9062052
13.5497298 49.9064009
13.549943 49.906487
13.5501988 49.9067068
13.5506828 49.9072009
13.5506759 49.9075029
13.550859 49.9079284
13.5508782 49.9083387
13.5507461 49.9087113
13.5503166 49.9094999
13.5497225 49.9102616
13.5492335 49.9105971
13.5488183 49.9107977
13.5481159 49.9109219
13.5474117 49.9109641
13.5463447 49.9108526
13.5462179 49.910835
13.545718 49.9107252
13.5434285 49.9098521
13.542183 49.9094739
13.5409251 49.9092324
13.5388989 49.9091133
13.5381145 49.9089489
13.536975 49.9088638
13.5363559 49.9088906
13.5356971 49.9090131
13.5350021 49.9092021
13.5343102 49.9094538
13.5325089 49.9102062
13.5311397 49.9107227
13.5305593 49.9109809
13.5295026 49.9115385
13.5292129 49.9118939
13.5290037 49.9122543
13.5289036 49.9126072
13.5288678 49.9130163
13.5291492 49.9134643
13.5295976 49.9139147
13.530164 49.9144083
13.5308027 49.9146831
13.5314433 49.9149121
13.5320727 49.9150581
13.5340298 49.9158421
13.534561 49.9161376
13.5355647 49.9168534
13.5360373 49.9171317
13.5370423 49.9178686
13.5376253 49.9183575
13.5379404 49.9185732
13.5383516 49.9187445
13.5391222 49.9189073
13.5396112 49.9189608
13.5408561 49.9190127
13.5411712 49.9190249
13.5443936 49.9190976
13.5447928 49.9189841
13.544959 49.9189369
13.5467115 49.9189639
13.5480563 49.9188183
13.5494 49.9185418
13.5505871 49.9182206
13.5507867 49.9181626
13.5514099 49.9180626
13.5523237 49.918194
13.5531824 49.9184049
13.5537923 49.9186503
13.5543043 49.9189472
13.5549436 49.9194366
13.5555925 49.9201953
13.5558439 49.9205532
13.5556678 49.9208773
13.555198 49.9211454
13.5548768 49.9213615
13.5547902 49.9215442
13.5547447 49.9219046
13.5547017 49.9222412
13.5543776 49.9225898
13.5536407 49.9230323
13.5532448 49.923334
13.553006 49.9237027
13.5528363 49.9240261
13.5529919 49.924462
13.5536397 49.9253093
13.5543351 49.9260988
13.5551939 49.9269249
13.5558083 49.9273647
13.5562766 49.9276006
13.556455 49.9276323
13.5569681 49.9277893
13.557949 49.9285638
13.5599019 49.929718
13.5604095 49.9299084
13.5607147 49.929968
13.5614779 49.9299391
13.5623189 49.9298429
13.5630124 49.9296796
13.5636948 49.92947
13.565708 49.9289964
13.5664423 49.9286949
13.5671259 49.9283621
13.568506 49.9278823
13.5697613 49.9272545
13.5702461 49.9269081
13.5705737 49.9265452
13.5709606 49.9261949
13.5722804 49.9256038
13.573627 49.9251193
13.574329 49.92492
13.574997 49.9246634
13.5763521 49.9240118
13.5788596 49.9234741
13.5797872 49.923263
13.5801668 49.9231862
13.5804686 49.9230456
13.5812384 49.9223498
13.5831703 49.9205149
13.5843191 49.9198448
13.5848028 49.9197257
13.5850613 49.9196937
13.5862675 49.9197418
13.5888136 49.9200087
13.5914102 49.9204849
13.5940637 49.9212315
13.5959431 49.9218054
13.5967054 49.922259
13.5968819 49.9224007
13.5972855 49.9227086
13.5975121 49.9230659
13.5980236 49.9236151
13.5984357 49.9238404
13.5988119 49.9240712
13.6006832 49.9248122
13.6012484 49.9250047
13.6033834 49.9256772
13.604192 49.9258837
13.6048796 49.9261448
13.6053761 49.9263854
13.6062425 49.9268959
13.6064251 49.9270466
13.606761 49.9272994
13.606876 49.9274451
13.6071483 49.9278716
13.607184 49.9281783
13.6069118 49.9296743
13.6065953 49.9300712
13.6059638 49.9302841
13.6050981 49.9303933
13.603479 49.9304686
13.6017389 49.9304083
13.5981426 49.9306484
13.5965717 49.9309162
13.5946236 49.9315282
13.593226 49.9320777
13.5917088 49.9327439
13.5912655 49.9330358
13.5908424 49.9333145
13.5901476 49.9341452
13.5897416 49.9351874
13.5895487 49.9366081
13.5896023 49.9367878
13.5897365 49.9372381
13.5897575 49.937377
13.589759 49.9375117
13.5897148 49.9377485
13.5896347 49.9379795
13.589544 49.9383078
13.5893787 49.9386519
13.5886951 49.9394316
13.5886632 49.9394686
13.5877866 49.9404868
13.587605 49.9407234
13.5874146 49.9409716
13.5867702 49.9414349
13.5864638 49.9418445
13.5862483 49.9422489
13.5862033 49.9426556
13.5861093 49.9429905
13.5859381 49.9436002
13.5859327 49.9441833
13.5862291 49.9462052
13.5869427 49.9473979
13.5873551 49.9477499
13.5881873 49.9481798
13.5888402 49.9481874
13.5894002 49.9480648
13.5899544 49.9477987
13.5904819 49.9476841
13.5923469 49.9478963
13.5931875 49.9480468
13.5947367 49.9482366
13.5963234 49.9480252
13.5973465 49.9478176
13.6019162 49.9480116
13.6052045 49.9481288
13.6068519 49.9481068
13.6074306 49.9480411
13.6094823 49.9475985
13.6102721 49.947395
13.6108188 49.9471718
13.6118226 49.9466323
13.6134023 49.945718
13.6145625 49.9452156
13.6151716 49.9448697
13.6154187 49.9446619
13.6155383 49.9444558
13.6156985 49.9441264
13.6160448 49.9438583
13.6164808 49.943584
13.616578 49.943542
13.618115 49.9428771
13.6185991 49.9426038
13.6206789 49.9410156
13.6209581 49.9407046
13.6213005 49.9401348
13.6218824 49.9388145
13.6224199 49.9381182
13.6230819 49.9376004
13.6246086 49.9366613
13.6265103 49.9353862
13.6269637 49.9351849
13.6280142 49.9347184
13.631963 49.933118
13.632202 49.9330612
13.6340847 49.9326134
13.6345676 49.9324985
13.6369116 49.9326253
13.6385172 49.9329162
13.6391587 49.9328401
13.6394678 49.9327613
13.6413748 49.9325867
13.6443057 49.9324185
13.6448864 49.9325125
13.6470503 49.9330613
13.6491858 49.9339365
13.6499332 49.9344866
13.6505403 49.9352155
13.6513498 49.9364948
13.6525195 49.9382722
13.6529972 49.9392343
13.653066 49.9394839
13.6528877 49.9397728
13.6528656 49.9400416
13.6533118 49.9409078
13.6540777 49.9422031
13.6544855 49.9428056
13.6552799 49.9437831
13.6563587 49.9447004
13.6569836 49.9451531
13.6576364 49.9458362
13.6577344 49.9460656
13.6583417 49.9474874
13.6587849 49.9484005
13.6591849 49.9493214
13.6597024 49.9502511
13.6602369 49.9512111
13.6605859 49.9521331
13.6608376 49.9530369
13.6610454 49.9539513
13.6611185 49.9549095
13.6612337 49.9555337
13.6613437 49.9557482
13.6638254 49.9570777
13.6649753 49.9576265
13.6668176 49.9584293
13.6674777 49.9587257
13.6691457 49.9592286
13.6703373 49.9594599
13.670802 49.95953
13.6769022 49.9616945
13.6794993 49.9625743
13.6800515 49.9627229
13.6805616 49.9627885
13.6813579 49.9626651
13.6814415 49.9626522
13.6822279 49.9624279
13.684288 49.961685
13.685353 49.9613517
13.6863735 49.960907
13.6873949 49.9603437
13.688026 49.9600707
13.6888383 49.9598093
13.6900219 49.9594873
13.6908824 49.9593209
13.6920169 49.9591805
13.6929662 49.9591396
13.6934084 49.959217
13.694644 49.9593233
13.696082 49.9595392
13.6966737 49.9596383
13.6971798 49.9597452
13.6982387 49.9600887
13.6991519 49.9606103
13.6997 49.9610397
13.6997448 49.9610747
13.7001329 49.961259
13.7008749 49.9615402
13.7014397 49.96187
13.7022615 49.9622487
13.7046639 49.963624
13.7051479 49.9638766
13.7057726 49.9638688
13.7063652 49.9641509
13.7073023 49.9645636
13.707794 49.9649431
13.7090641 49.9656609
13.7099783 49.9661688
13.710862 49.9664625
13.71144 49.9665752
13.7119416 49.9666036
13.7122696 49.9665576
13.712647 49.9664685
13.7132265 49.9663981
13.7138519 49.9664329
13.7156987 49.9667725
13.7183521 49.967382
13.7202741 49.9677014
13.722428 49.9679074
13.7238175 49.9678206
13.7240443 49.9677619
13.7248053 49.9675401
13.7249157 49.967508
13.7253664 49.9674352
13.7269694 49.9673072
13.7273661 49.9671546
13.7321603 49.9657526
13.7328289 49.9656471
13.7336513 49.9655862
13.7364734 49.9646007
13.7376898 49.96402
13.7382748 49.9638597
13.7389478 49.9637637
13.739824 49.9637859
13.7407075 49.9639279
13.7440398 49.964668
13.7457555 49.9651297
13.7470609 49.9655393
13.7480028 49.9658679
13.7483015 49.9659841
13.749037 49.9663837
13.7494053 49.966635
13.7496717 49.9668846
13.7500752 49.9675785
13.7507233 49.968271
13.751958 49.9691415
13.7534228 49.9700022
13.7546858 49.9706444
13.7558711 49.9712567
13.7572782 49.9718101
13.7600172 49.9726105
13.7609462 49.9728244
13.7620487 49.9729959
13.7631507 49.9730357
13.7638182 49.9730204
13.7654341 49.9729257
13.7657077 49.9728802
13.766405 49.972674
13.7680701 49.97206
13.7707739 49.9710753
13.7717734 49.9707434
13.7722725 49.9705197
13.7733609 49.9700534
13.7743762 49.9697134
13.7749051 49.969561
13.7755666 49.969525
13.7762027 49.9694427
13.7767875 49.9693593
13.7774165 49.9693065
13.7784943 49.9693371
13.7790467 49.9691851
13.779761 49.9691619
13.7803454 49.9691516
13.7806593 49.9691796
13.781393 49.9693179
13.7816566 49.9694129
13.7841013 49.970813
13.784567 49.9710147
13.7852509 49.9712381
13.7859448 49.9715418
13.7862543 49.9719009
13.7863325 49.9722938
13.7861793 49.972693
13.7860358 49.9728766
13.7860964 49.9730643
13.7868567 49.9739871
13.7870213 49.9744036
13.7877119 49.9752955
13.7880551 49.975825
13.7883987 49.9762638
13.7886777 49.9765604
13.788978 49.9768545
13.7896843 49.9774413
13.7907282 49.9780215
13.791466 49.9790966
13.7919736 49.97962
13.7922031 49.9799396
13.7923593 49.9802694
13.792563 49.9813935
13.7925704 49.9817204
13.7925013 49.9823363
13.7923706 49.9826601
13.7912603 49.984481
13.7905605 49.9851105
13.7902327 49.9859851
13.7891111 49.9868306
13.7887 49.9872234
13.7884437 49.987605
13.7869886 49.9903361
13.7868877 49.9907133
13.7870581 49.9913365
13.7870576 49.9929323
13.7871478 49.9934396
13.7872874 49.9936869
13.7878423 49.9942425
13.7881653 49.9944996
13.7892741 49.9951716
13.7896056 49.9955032
13.7902254 49.995905
13.7906447 49.9961555
13.7911241 49.9963549
13.7913664 49.9964431
13.7919933 49.996581
13.7932556 49.9967832
13.7945987 49.9968678
13.7950743 49.9969872
13.796986 49.99766
13.7978484 49.997862
13.8010507 49.9984768
13.8030521 49.9992626
13.8038076 49.9997131
13.8041711 50.0000351
13.8045731 50.0003139
13.8049852 50.000548
13.8066733 50.0013976
13.8070908 50.0015882
13.8078086 50.0018455
13.8081221 50.0019336
13.8083483 50.0019549
13.8101683 50.0017541
13.8114296 50.0018891
13.8127231 50.0018785
13.8143555 50.0015826
13.8150758 50.0015502
13.8158301 50.0016314
13.8162524 50.0017457
13.8167331 50.0017745
13.8172867 50.0017829
13.8178263 50.0018636
13.8183185 50.0019851
13.8201457 50.0028177
13.822109 50.0037794
13.8226582 50.0039647
13.8235727 50.0040461
13.8239144 50.0041732
13.8249766 50.0046958
13.8259923 50.005381
13.8273649 50.0066134
13.8281867 50.0072594
13.8290853 50.0080637
13.8298068 50.0085552
13.8301721 50.0089635
13.8322297 50.0107531
13.8326105 50.0111417
13.8330453 50.011812
13.8331693 50.0123446
13.8335554 50.0138892
13.8335565 50.0141928
13.8335593 50.014948
13.8332642 50.0159373
13.8330282 50.0169182
13.8329353 50.0174862
13.8330737 50.0178333
13.8332928 50.0181004
13.8333735 50.0182375
13.8334084 50.0183585
13.8333653 50.0184934
13.8331976 50.0187316
13.8334608 50.0195767
13.8333052 50.0201696
13.8333196 50.0204628
13.833387 50.0207497
13.8334763 50.0210841
13.8336582 50.0213409
13.8336958 50.0214043
13.8342118 50.0216001
13.8355132 50.0219322
13.8357427 50.0219655
13.8364922 50.0220571
13.8379539 50.0225193
13.8387777 50.0227349
13.8404281 50.0228366
13.8419068 50.0224956
13.8433203 50.0220632
13.8449445 50.0216159
13.8458803 50.0212401
13.8477802 50.0202997
13.8493854 50.0193007
13.8506222 50.0184286
13.8514236 50.0175655
13.8518959 50.0171522
13.8525619 50.0165693
13.8532793 50.0161153
13.8542498 50.0157986
13.8547483 50.0157602
13.8571152 50.0159583
13.8587112 50.0161829
13.8597376 50.0165749
13.8605141 50.0169923
13.8606729 50.017371
13.8605453 50.0175912
13.860495 50.0176471
13.8598875 50.018463
13.8587008 50.0205266
13.8581706 50.0215855
13.8579927 50.0226991
13.8583052 50.0237352
13.8588963 50.0243776
13.860361 50.0255492
13.8605456 50.0257083
13.8610722 50.0261359
13.8622357 50.0275693
13.8636209 50.0285396
13.8641663 50.0288678
13.8656858 50.0294984
13.8675609 50.0301402
13.8681518 50.0303422
13.8689687 50.0306628
13.8695866 50.0307018
13.8703874 50.0303822
13.8714649 50.0297079
13.8729657 50.0281244
13.874485 50.0264582
13.8755027 50.0247544
13.8757968 50.0240228
13.8756855 50.0231981
13.8758332 50.0223477
13.8757276 50.0210368
13.8758811 50.0202902
13.8764701 50.0198099
13.878535 50.0189554
13.8800792 50.0176296
13.8815167 50.0164864
13.8831991 50.0159061
13.8837715 50.0158267
13.8848195 50.0158533
13.8853485 50.0159378
13.885821 50.0160704
13.8902196 50.0188348
13.8909166 50.0193426
13.8917664 50.0198219
13.8918317 50.0198635
13.8931212 50.0203502
13.8948537 50.0213948
13.89501 50.0216299
13.8949746 50.0222281
13.894844 50.0229484
13.8946942 50.023499
13.8944108 50.0240201
13.8930872 50.0255233
13.8921019 50.0267646
13.8913466 50.0275959
13.890584 50.0281682
13.8904973 50.0284889
13.8906376 50.029291
13.890528 50.0297458
13.8898688 50.0318024
13.8898363 50.0324006
13.890443 50.0334294
13.8909799 50.0352877
13.8920074 50.0374923
13.8919459 50.0389003
13.8911937 50.0406571
13.8909066 50.0414536
13.8906049 50.0422923
13.8898734 50.0431546
13.8895565 50.0437171
13.8891747 50.0446601
13.889157 50.0448033
13.8894476 50.0455494
13.8896721 50.0459939
13.8904004 50.0466161
13.8934145 50.0483532
13.8947668 50.0490165
13.8963855 50.0496569
13.8966894 50.0497353
13.897162 50.0498483
13.8996406 50.0503099
13.901547 50.0505202
13.9025848 50.0505053
13.9032386 50.0504585
13.9039309 50.0503505
13.9041028 50.0502958
13.9047762 50.0497524
13.905098 50.0493333
13.9055941 50.0488895
13.906633 50.0482492
13.9068925 50.048049
13.9090743 50.0461092
13.9098061 50.0453961
13.9102246 50.0450826
13.9105973 50.0448677
13.9117578 50.0445432
13.9139269 50.0437737
13.9157499 50.0430821
13.916351 50.0428881
13.9178571 50.0421435
13.9179212 50.0420981
13.9187864 50.0413706
13.9199372 50.0398558
13.920944 50.0383868
13.9214361 50.0374068
13.9216584 50.0366391
13.9215424 50.0362567
13.9212542 50.035776
13.9209669 50.0355268
13.9203302 50.0352972
13.9181653 50.0346215
13.9135879 50.0326641
13.9112509 50.0319737
13.9109214 50.0317901
13.9103854 50.0312859
13.9097099 50.0303634
13.9088633 50.0296223
13.908471 50.0290669
13.9081887 50.0286671
13.9081114 50.0281411
13.9081933 50.0276561
13.9081933 50.0276425
13.9082429 50.0275186
13.9088261 50.0267879
13.9097438 50.0261866
13.9109481 50.0258526
13.9121673 50.0258322
13.9153997 50.0264017
13.9159263 50.0266181
13.9172299 50.026763
13.9174098 50.0268018
13.9185152 50.0270056
13.9210322 50.0273444
13.9218338 50.0274105
13.9228969 50.0273355
13.9232985 50.0272374
13.9261498 50.0265403
13.9284204 50.0256195
13.9307713 50.0246673
13.9317836 50.0241137
13.9337638 50.0230307
13.9352761 50.0219734
13.9376617 50.0213819
13.9413435 50.0203226
13.941684 50.0202237
13.943039 50.0201101
13.9431345 50.0201201
