14.1099433 49.9519029
14.1119657 49.952489
14.1134125 49.9527249
14.1151845 49.953175
14.1163966 49.9532338
14.1177572 49.9531389
14.118963 49.9528349
14.1202333 49.9522992
14.1211517 49.9516034
14.1215465 49.9509848
14.1222074 49.9501674
14.1232975 49.949466
14.1246965 49.948969
14.1261814 49.9484167
14.1270918 49.9478176
14.127898 49.9473231
14.1290739 49.9462516
14.1295631 49.9455723
14.130533 49.9425951
14.131048 49.9409214
14.1317346 49.9386234
14.1322783 49.9374012
14.1325071 49.9368556
14.1331252 49.9356826
14.1331766 49.935585
14.134391 49.9335644
14.1354082 49.9322205
14.1357642 49.9317386
14.1364553 49.9312371
14.1375454 49.9306735
14.1383751 49.9304563
14.1398947 49.9302113
14.1413065 49.9300779
14.1430549 49.9300112
14.1465778 49.9300612
14.1503726 49.9304031
14.1526132 49.9305865
14.1555791 49.9308949
14.1590372 49.9314118
14.1617555 49.9317721
14.1632076 49.9319788
14.165762 49.9323492
14.1682847 49.9327207
14.173556 49.9335461
14.176237 49.9341796
14.17783 49.9343881
14.179177 49.934313
14.1812233 49.9338378
14.1824408 49.933296
14.1828502 49.9330259
14.1836323 49.9324956
14.1851088 49.9316703
14.1867019 49.9309533
14.1872273 49.9306726
14.1876603 49.9303447
14.1880359 49.9297694
14.1881913 49.9290524
14.1879193 49.9285605
14.1872717 49.9281186
14.1865464 49.927585
14.1857385 49.9271521
14.1851568 49.9263385
14.1841374 49.9256923
14.1826221 49.9248752
14.1819745 49.9241581
14.1817543 49.9235327
14.1817005 49.9228549
