13.9431345 50.0201201
13.9442672 50.0202384
13.9469915 50.0206987
13.9478629 50.0208289
13.9504152 50.0214308
13.9516208 50.0215794
13.9527652 50.0215486
13.9537308 50.0214049
13.9545003 50.0211107
13.9554549 50.0205958
13.955949 50.0201608
13.9564645 50.0195593
13.9574127 50.0173274
13.9576467 50.0162145
13.957469 50.0150192
13.9575141 50.0140083
13.9575239 50.0137887
13.9577266 50.0125972
13.958546 50.0114881
13.9589789 50.010982
13.9592611 50.0106651
13.9593936 50.0105597
13.9608489 50.0095543
13.9636258 50.0082545
13.9656154 50.00743
13.9662156 50.0071813
13.9722235 50.0055708
13.9753051 50.0049363
13.9776508 50.0053557
13.9788883 50.0057103
13.9814366 50.0063437
13.9824353 50.0064696
13.9831963 50.0064553
13.9837791 50.0063635
13.9846485 50.0061641
13.9863649 50.0056195
13.9884562 50.0047864
13.9898761 50.0040021
13.9910491 50.0032714
13.9933936 50.0020607
13.9940354 50.0018723
13.9957076 50.0017791
13.9966909 50.0017831
13.9982543 50.0019362
13.9992213 50.0020734
13.9999715 50.0020645
14.0011162 50.0019486
14.0026861 50.001699
14.0047515 50.0012453
14.0058748 50.001011
