13.4188238 49.7650122
13.4190448 49.7654498
13.419293 49.7664518
13.4193099 49.7672007
13.4192526 49.7683836
13.4193178 49.7689212
13.4192247 49.7699646
13.4189444 49.7705171
13.4184886 49.7712363
13.4175968 49.7717503
13.4174856 49.7717705
13.4173236 49.7717342
13.4170626 49.7716695
13.4168482 49.771698
13.416649 49.7718065
13.4164828 49.7720339
13.4165283 49.7725813
13.4163428 49.7728782
13.4159588 49.7736059
13.4158306 49.7740393
13.4157537 49.7744125
13.4159826 49.7751343
13.4158184 49.7756019
13.4151757 49.7763538
13.4149785 49.7766283
13.4144762 49.7770828
13.4138587 49.7775868
13.413734 49.7776936
13.4136625 49.7779175
13.4135784 49.778305
13.4135851 49.7784782
13.4136425 49.7785769
13.4138614 49.7787951
13.4141119 49.7789836
13.4145424 49.7789785
13.4154884 49.7787907
13.4162224 49.778914
13.4167732 49.7788969
13.4180339 49.7786117
13.4185591 49.7784446
13.4194325 49.7784279
13.4201737 49.7785274
13.4207531 49.778837
13.4210531 49.7790904
13.4214395 49.7797025
13.421844 49.7809653
13.4218723 49.7812098
13.4218931 49.7814709
13.4216831 49.7823103
13.4217198 49.7826299
13.421771 49.7828413
13.4226882 49.7838924
13.4235203 49.7847371
13.4249935 49.7858562
13.425789 49.7863361
13.4267416 49.7867911
13.4272647 49.7870979
13.4284384 49.7872973
13.4295386 49.7873553
13.4305642 49.7871824
13.4321081 49.7868052
13.433087 49.7864186
13.4346943 49.7854371
13.434907 49.7852754
13.4349839 49.7850838
13.4349802 49.7848806
13.4349057 49.7847058
13.4347656 49.7845036
13.4340763 49.7839708
13.4337325 49.7829874
13.4337991 49.7825265
13.4339493 49.7821633
13.4339819 49.7818483
13.4338477 49.7815815
13.4334317 49.7811948
13.4327538 49.7806177
13.4323019 49.7803413
13.4316621 49.7801045
13.4308798 49.7799585
13.4299204 49.7795618
13.429101 49.7791298
13.4283081 49.7785584
13.428187 49.7784052
13.4281095 49.7781944
13.4281445 49.7778016
13.42821 49.7776217
13.4286132 49.7771903
13.4291249 49.7769418
13.4299178 49.7767036
13.4320913 49.7761687
13.4333187 49.7758986
13.4354673 49.774875
13.4365807 49.774559
13.4381611 49.7742621
13.4389937 49.7740678
13.4411068 49.7734361
13.442097 49.7732764
13.4427747 49.7732534
13.443012 49.773273
13.4441875 49.773323
13.445954 49.7734615
13.4462551 49.7735364
13.4466043 49.773671
13.4467305 49.7737537
13.4474671 49.7746006
13.4476627 49.7748828
13.4476973 49.7750487
13.4476393 49.7751746
13.4474339 49.7753993
13.4470218 49.7755509
13.44479 49.7761747
13.4438274 49.7766549
13.4434722 49.7769949
13.4433843 49.7773171
13.4435417 49.7777887
13.4438406 49.7783985
13.4441577 49.7787447
13.4444575 49.7792022
13.4448488 49.7800836
13.4449627 49.7802629
13.445413 49.7807797
13.4460482 49.7810599
13.4465585 49.7813566
13.4475037 49.7820506
13.4486296 49.783009
13.4504231 49.7844425
13.451049 49.7848372
13.452731 49.7854507
13.4533246 49.7857241
13.4540065 49.786148
13.4550936 49.787013
13.4556738 49.7875896
13.4564518 49.7884618
13.4571712 49.7893646
13.457499 49.7898281
13.4577793 49.7903129
13.4580174 49.7908124
13.4580843 49.7912153
13.4579869 49.7921324
13.4579908 49.7926067
13.4581282 49.7935707
13.4582629 49.7940079
13.4587906 49.7950025
13.4595277 49.7960129
13.4602406 49.7967728
13.4605381 49.7969924
13.4611876 49.7973227
13.4620367 49.7976442
13.4629187 49.7979243
13.4637329 49.798146
13.4654792 49.798543
13.4657457 49.7985321
13.4658399 49.7985283
13.4664321 49.7984246
13.4668738 49.7985022
13.4682329 49.798728
13.4685116 49.7986872
13.46926 49.7987425
13.4717634 49.7990643
13.4718725 49.7990783
13.4726027 49.7992283
13.4733375 49.7994257
13.4736596 49.7995301
13.4741319 49.799683
13.4749136 49.799878
13.4757804 49.8000577
13.4778706 49.800415
13.478532 49.8004782
13.4792284 49.8004908
13.4804127 49.8003451
13.481739 49.800165
13.4823757 49.8001341
13.4825032 49.8001444
13.4830203 49.8001863
13.4836803 49.8003387
13.4841407 49.8005164
13.484404 49.8006851
13.484461 49.8007216
13.484937 49.801216
13.4852164 49.8016559
13.4852734 49.801919
13.4852437 49.8021136
13.4847023 49.8030709
