13.4847023 49.8030709
13.4848382 49.8038719
13.4851244 49.805127
13.4851803 49.805747
13.4851716 49.8060225
13.4851674 49.8061532
13.4852524 49.8064252
13.4859419 49.807475
13.486514 49.808106
13.4869298 49.808459
13.4875219 49.8088762
13.4890015 49.8096194
13.4893887 49.8097385
13.4898629 49.8097703
13.4907869 49.8093712
13.4912666 49.8092836
13.4918278 49.8092279
13.4924846 49.8092391
13.4933211 49.8093061
13.4944712 49.8095282
13.4948697 49.8096628
13.4953562 49.809897
13.4975632 49.8112094
13.4982242 49.8117195
13.4986624 49.8122634
13.4993836 49.8129801
13.4999389 49.8134709
13.5001862 49.8136719
13.5005748 49.8138582
13.5007567 49.8139125
13.5011027 49.8142043
13.5013994 49.8145624
13.5018731 49.8153173
13.5022322 49.8158065
13.5030536 49.8165543
13.5032828 49.8167258
13.5037216 49.8169784
13.5040507 49.8171099
13.5049535 49.8173797
13.5063535 49.8179342
13.5066224 49.8180129
13.5072553 49.8181307
13.5075158 49.8181385
13.5080827 49.8181021
13.5083619 49.8179902
13.5085633 49.8178334
13.5085704 49.8176468
13.5083843 49.8173186
13.5082763 49.8170235
13.5083622 49.8167217
13.5087189 49.8162171
13.5091816 49.8157331
13.5104044 49.8151693
13.5109986 49.8150346
13.5121033 49.8149801
13.5144587 49.8149725
13.5163157 49.8147893
13.5181074 49.8149651
13.5186637 49.8148472
13.5190901 49.8146369
13.5196417 49.8142566
13.5205541 49.8137533
13.5209528 49.8136427
13.5216927 49.8133427
13.5230038 49.8130318
13.5237756 49.8129061
13.5245957 49.812849
13.5249806 49.8128482
13.5254198 49.8129016
13.5260452 49.81305
13.5262178 49.813104
13.5268475 49.8133008
13.5275077 49.8135879
13.5277716 49.8137864
13.5279044 49.8139515
13.5280495 49.8143634
13.5281012 49.8146712
13.5281077 49.8147174
13.5281284 49.8147901
13.528152 49.815165
13.5281877 49.8156359
13.5282025 49.8165644
13.5282755 49.8168032
13.5283468 49.8169797
13.5285144 49.8171792
13.5291614 49.8178006
13.5296667 49.818365
13.5298856 49.8186889
13.5299648 49.8189698
13.5299801 49.8193656
13.5299058 49.8195712
13.5288958 49.8212098
13.5285501 49.8216804
13.5285447 49.8216877
13.528139 49.8217906
13.5277497 49.822197
13.5271292 49.8227924
13.5268423 49.8230621
13.5265988 49.823329
13.5264092 49.8236168
13.526323 49.8238506
13.5263019 49.8240111
13.5265318 49.8244952
13.5266513 49.8248562
13.5267404 49.8253716
13.5269986 49.8262181
13.5271915 49.827093
13.5272577 49.8275456
13.5272065 49.8279056
13.5270609 49.8283723
13.526952 49.8285659
13.5267663 49.8287675
13.5264848 49.8289443
13.5261806 49.8290809
13.525743 49.8292305
13.5251541 49.8294052
13.5234307 49.8300147
13.5226236 49.8301993
13.521542 49.8303015
13.5211229 49.8302913
13.5205643 49.8300861
13.5191356 49.8292928
13.5176784 49.8284224
13.5166631 49.8281132
13.5161059 49.8280781
13.5154476 49.8279813
13.5148027 49.8277938
13.5139305 49.8277265
13.5130833 49.8277835
13.5124871 49.827973
13.5122667 49.8282651
13.5122114 49.8289587
13.5121715 49.8294135
13.512585 49.8302049
13.5128654 49.8304004
13.5135427 49.8310199
13.5141811 49.831695
13.5146983 49.832279
13.5148936 49.8328707
13.5149911 49.8333477
13.5148916 49.8336694
13.5144465 49.8347404
13.5142651 49.835071
13.513918 49.8355173
13.5136939 49.836181
13.5136962 49.8365419
13.5138295 49.8370106
13.5143506 49.8375076
13.5151136 49.8381535
13.5153192 49.8384141
13.5158662 49.8391047
13.5161464 49.8392462
13.5169381 49.8394779
13.5176751 49.839749
13.5182844 49.8401392
13.5192293 49.840867
13.5199146 49.8414381
13.5208938 49.8423258
13.5214312 49.8427538
13.5225034 49.8439508
13.5229555 49.8442019
13.5238789 49.8445703
13.5242241 49.8448899
13.5244247 49.8451735
13.5246442 49.8456938
13.5246663 49.8459895
13.5243537 49.8468251
13.5242664 49.8472836
13.5242203 49.8477267
13.5240385 49.8480467
13.5233023 49.8502942
13.5227645 49.8510493
13.5225217 49.8514367
13.5216019 49.8526904
13.521501 49.8532236
13.5216479 49.8536415
13.5219161 49.8540491
13.5224841 49.854564
13.522895 49.8549364
13.5233667 49.8552977
13.5238251 49.8558631
13.5240014 49.8563498
13.5239647 49.8566545
13.5237396 49.8572344
13.5233576 49.8575863
13.5224168 49.8583203
13.5221029 49.8585728
13.5216382 49.8589897
13.521285 49.8591889
13.5212199 49.8592192
13.5204332 49.859585
13.5201035 49.8598884
13.519959 49.8601091
13.5195442 49.861048
13.5194565 49.8615156
13.5195012 49.8622174
13.5198218 49.8628923
13.5204944 49.8637488
13.5212382 49.8644485
13.5222311 49.8654572
13.5227966 49.8659522
13.5233957 49.8664932
13.5235518 49.8666323
13.5240912 49.8671417
13.5248248 49.8674989
13.5263879 49.8679218
13.5268021 49.8681894
13.5270566 49.8685589
13.5271331 49.8691827
13.5274786 49.8703096
13.5280431 49.8729865
13.5281174 49.8739757
13.5281418 49.874945
13.5280608 49.875899
13.5280042 49.8769159
13.5280206 49.8771139
13.5279178 49.8774564
13.5275047 49.8778949
13.5274212 49.8779564
13.5265193 49.878553
13.5262302 49.8788088
13.52506 49.8807151
13.5236246 49.8825401
13.5227257 49.8833395
13.5226052 49.8834436
13.5214713 49.884659
13.5213223 49.8852276
13.5211593 49.885342
13.5207414 49.8855631
13.5199694 49.8858433
13.5192701 49.886213
13.518894 49.8866394
13.5187809 49.8869478
13.5187922 49.8873614
13.5188156 49.8875892
13.5188536 49.887737
13.5190954 49.8882309
13.5193899 49.8885618
13.5196932 49.8890997
13.5200519 49.8897047
