14.0440672 49.9876858
14.0449898 49.9872144
14.0451143 49.9871064
14.0453099 49.986927
14.0464267 49.9859028
14.0467451 49.9856108
14.0483072 49.9847168
14.048908 49.9845622
14.0496633 49.9846009
14.0509723 49.985302
14.0526674 49.9857377
14.0534839 49.9862517
14.0547556 49.9870866
14.0560835 49.9878624
14.0567882 49.9881588
14.0580167 49.9884252
14.0595671 49.9886454
14.0616786 49.9889516
14.0621259 49.9889164
14.0636082 49.9891627
14.0643695 49.9890639
14.0650957 49.9885522
14.0654991 49.9879066
14.0659025 49.9871174
14.066778 49.9863614
14.0680654 49.984209
14.0688036 49.9837951
14.0699066 49.9821282
14.0703228 49.9814992
14.0722898 49.9783265
14.072872 49.9770362
14.0734728 49.9756926
14.0735843 49.9743016
14.073335 49.9735555
14.0731466 49.973043
14.0728719 49.971674
14.0728977 49.9704153
14.0730436 49.9688751
14.0736088 49.9680548
14.0737474 49.9678537
14.0742349 49.9674982
14.074949 49.9669539
14.0753482 49.9666604
14.0769006 49.9655418
14.0774846 49.9651553
14.0783211 49.9646723
14.0806385 49.9637033
14.0823133 49.9629952
14.083412 49.9622609
14.0841535 49.9614466
14.0844076 49.9611621
14.0853002 49.9603339
14.0862959 49.9596713
14.0887335 49.9585669
14.0903814 49.9577883
14.0931537 49.9565735
14.0954111 49.9556678
14.0977199 49.9547567
14.1000974 49.9538952
14.1015222 49.9532656
14.1026552 49.9524925
14.1040972 49.9516751
14.1056078 49.9511615
14.1069982 49.951029
14.1084402 49.9511229
14.1093364 49.9514491
14.1099433 49.9519029
