14.326067 49.9603223
14.3260826 49.9606706
14.327036 49.9619282
14.3272392 49.9626904
14.3280968 49.9640987
14.3290447 49.9648028
14.3316966 49.9659933
14.3334345 49.9668571
14.3350369 49.9675322
14.336346 49.9674305
14.3393816 49.9662982
14.3413451 49.965732
14.343241 49.9662837
14.3445274 49.9669224
14.3450804 49.9676991
14.3454808 49.9681398
14.3457602 49.9685808
14.3457477 49.9693766
14.3457083 49.9699089
14.3458365 49.9714807
14.3463443 49.9721774
14.3474163 49.9725766
14.3487931 49.9727581
14.3502939 49.9726347
14.3537245 49.9718073
14.3545822 49.9717637
14.3561846 49.97225
14.3578209 49.9733605
14.3590058 49.9743402
14.3595967 49.9749635
14.3600258 49.9755942
14.3605631 49.9766263
14.3612966 49.9784551
14.3616351 49.9798267
14.3618476 49.9802859
14.3622767 49.9808042
14.362637 49.9810889
14.3631586 49.9813941
14.3638365 49.9815799
14.3652463 49.9819601
14.366101 49.982204
14.3671534 49.9825043
14.368564 49.9832227
14.3696586 49.9841152
14.3711609 49.9848604
14.3733429 49.985073
14.3781257 49.9846195
14.3801755 49.9844494
14.3814318 49.9847329
14.3824016 49.9851722
14.3834154 49.98598
14.3844293 49.9874113
14.3874929 49.9905714
14.3892782 49.9916058
14.3922758 49.9925835
14.3972349 49.9935753
14.4004473 49.9948956
14.4015548 49.9956015
