15.6998108 50.547818
15.7000107 50.5477931
15.7004415 50.547823
15.7016418 50.5479856
15.7023724 50.5481575
15.7026759 50.5482462
15.7029498 50.5482593
15.7031091 50.5481999
15.7036846 50.5479763
15.7048429 50.5474131
15.7052837 50.5472164
15.7058516 50.5469268
15.7060144 50.5468277
15.7064599 50.5465342
15.7069099 50.5460934
15.7071243 50.5457561
15.7071887 50.5455602
15.7072746 50.5450996
15.7073934 50.5435593
15.7075164 50.5431198
15.7078029 50.5428218
15.7082521 50.5425142
15.7087895 50.5422305
15.7090062 50.5421113
15.709202 50.541901
15.7093861 50.5416308
15.7094955 50.5412538
15.709497 50.5410289
15.7094853 50.5409185
15.7094535 50.5408398
15.7094537 50.5405947
15.7095513 50.5404828
15.7097588 50.5403497
15.7100757 50.5402131
15.7112073 50.5398878
15.712572 50.5395485
15.7135504 50.5394465
15.7143177 50.5394906
15.7149918 50.5396363
15.7157601 50.5398537
15.7162923 50.5399905
15.7165857 50.5400309
15.7172505 50.5401126
15.7182098 50.5402
15.7199474 50.5402795
15.7203231 50.5402951
15.7207677 50.5402803
15.7211946 50.5401911
15.7214923 50.540102
15.7218674 50.5399618
15.7220668 50.5398258
15.722202 50.5396117
15.7224441 50.5392417
15.7225192 50.5387924
15.722584 50.5385896
15.7226892 50.5384935
15.7229727 50.5383739
15.7247328 50.538052
15.7256918 50.5379985
15.7275186 50.5380309
15.7281894 50.5381207
15.7287447 50.5382098
15.7295245 50.5382606
15.7298338 50.5382405
15.7318827 50.5377493
15.7330797 50.5376263
15.7334598 50.5375393
15.7338309 50.5373729
15.7340613 50.5372067
15.7341355 50.5370425
15.7347153 50.5360642
15.7349891 50.53563
15.7355244 50.5352836
15.7360101 50.5350992
15.7363062 50.5349407
15.7369057 50.5348552
15.7385897 50.5349053
15.7398124 50.5349304
15.7400262 50.5348701
15.7405817 50.534358
15.7409136 50.5340606
15.7413791 50.5336025
15.7414804 50.5334257
15.7416625 50.5330381
15.741749 50.5326274
15.7416607 50.5324717
15.7412899 50.5319889
15.7409906 50.5317215
15.7407758 50.5314639
15.7404254 50.5310379
15.7404114 50.5307145
15.7405989 50.5302679
15.741145 50.5296789
15.7412021 50.5294944
15.7412083 50.5293027
15.7411762 50.5290816
15.7409325 50.528786
15.7404324 50.5283037
15.7399955 50.5280388
15.7398087 50.5278237
15.7397299 50.5276531
15.739699 50.5273589
15.7400201 50.5270169
15.7401659 50.5267629
15.7401988 50.526409
15.7400021 50.5260287
15.7398547 50.5258224
15.7391472 50.5251147
15.7389435 50.5248777
15.7388264 50.5246588
15.7387727 50.5244166
15.7388191 50.5239007
15.7387993 50.5234112
15.7387147 50.5228857
15.7385624 50.5221408
15.7382924 50.5214928
15.7382684 50.5210335
15.738371 50.5202178
15.7383601 50.5192852
15.7384488 50.5188677
15.7392586 50.5172704
15.7395982 50.5166794
15.7404524 50.5156284
15.7406319 50.5153174
15.7417437 50.5145695
15.7421128 50.5142502
15.7424032 50.5139699
15.7426949 50.5137288
15.74339 50.5134478
15.7444539 50.5131008
15.7450867 50.512916
15.746008 50.5129218
15.7463171 50.5128177
15.7472871 50.5119765
15.7474986 50.5116937
15.7479026 50.5110508
15.7481886 50.5107605
15.7485995 50.5105179
15.7493415 50.5102804
15.7496409 50.5100719
15.7497717 50.5097675
15.7501921 50.5087045
15.7501826 50.5082617
15.7501143 50.5080576
15.7499527 50.5078035
15.7494659 50.5073685
15.749346 50.5072488
15.7491859 50.5069704
15.7489395 50.5067252
15.748896 50.5064838
15.7488194 50.5060623
15.7486431 50.505892
15.7485393 50.5057668
15.7481764 50.505585
15.7475178 50.5052811
15.7449874 50.5044744
15.7440252 50.5041281
15.7436401 50.5039955
15.7429716 50.503604
15.7423417 50.5030837
15.7417251 50.5025673
15.7415612 50.5023042
15.7415047 50.5019695
15.7415304 50.5014362
15.7415144 50.4997172
15.7413126 50.4983368
15.741244 50.4971048
15.7412517 50.496555
15.7410903 50.4963185
15.7408428 50.4961529
15.7404407 50.4960822
15.7387313 50.4959649
15.7370211 50.4957453
15.7363605 50.4957128
15.7354892 50.4957184
15.7347791 50.4957687
15.7341001 50.4957132
15.7338742 50.4956522
15.7333575 50.4954006
15.732189 50.4945631
15.7317242 50.4941479
15.7311085 50.4936658
15.7298475 50.4931849
15.7293941 50.4929336
15.7292009 50.4928155
15.7284052 50.4921956
15.7282308 50.4920069
15.7281506 50.4918374
15.7281571 50.4917261
15.7282195 50.4915635
15.7288126 50.4908682
15.7290312 50.4905952
15.7291636 50.4903392
15.7292378 50.4898741
15.7292408 50.4894686
15.7291148 50.489022
15.7285655 50.4884498
15.7284084 50.4882432
15.7283919 50.4880539
15.7284125 50.4878445
15.728907 50.4860361
15.7289416 50.4853988
15.7292211 50.483966
15.7294739 50.4832884
15.7300586 50.4816116
15.7301098 50.481497
15.7301171 50.4813714
15.7299414 50.4810103
15.729789 50.4806772
15.7297725 50.4805616
15.7298284 50.4803658
15.7300787 50.4799279
