15.5854824 50.7116789
15.5852531 50.7114492
15.5853 50.711179
15.5853391 50.7108922
15.5853171 50.7104979
15.5851972 50.7100569
15.584729 50.7092154
15.5845762 50.7090467
15.5844127 50.7089088
15.5842701 50.7086828
15.5834093 50.7081655
15.5829681 50.7077559
15.5827749 50.7073652
15.5827957 50.7071418
15.5828807 50.7068475
15.5830473 50.7065564
15.5838032 50.7057194
15.5839792 50.7054277
15.584095 50.7050599
15.5840589 50.7046288
15.5839277 50.7040113
15.5838419 50.7026347
15.5837778 50.7023658
15.5838244 50.7021959
15.5840333 50.7019424
15.5843653 50.7017037
15.5847485 50.7015869
15.586153 50.701403
15.586625 50.7012293
15.5868798 50.7010427
15.5870844 50.7007469
15.587253 50.7002573
15.5873984 50.6998592
15.5875431 50.6995285
15.5876009 50.6992271
15.5874742 50.6988145
15.5874448 50.6987735
15.5872492 50.6984371
15.5870264 50.698187
15.5865098 50.6977082
15.5855748 50.6971986
15.5850399 50.6969622
15.5842218 50.6967227
15.5836412 50.6965097
15.5825979 50.6960851
15.5820975 50.6959021
15.5815518 50.6956044
15.58069 50.6950074
15.5802261 50.6946516
15.5793367 50.6939155
15.5790984 50.6936552
15.5790136 50.6933559
15.5790397 50.6931766
15.5790903 50.6928887
15.5791664 50.6926075
15.5795629 50.692084
15.5798614 50.6918882
15.5804227 50.6915798
15.5806107 50.6913631
15.5807248 50.6911645
15.5808366 50.6909541
15.5808374 50.6906889
15.5806825 50.6904489
15.58032 50.6898223
15.5801079 50.6896084
15.5794222 50.6890831
15.5790646 50.6887319
15.5784095 50.687994
15.578168 50.687583
15.5780458 50.6871914
15.5777939 50.6865088
15.5777002 50.6860078
15.5777186 50.6855629
15.57775 50.6851752
15.5777993 50.6848123
15.5778789 50.6843314
15.5781188 50.683785
15.5783942 50.6832502
15.5788061 50.6829496
15.579028 50.6828767
15.5792646 50.68285
15.5804397 50.6829794
15.5811848 50.6830658
15.5819098 50.6831039
15.5834486 50.6830863
15.5840057 50.6830147
15.584958 50.6828535
15.5855081 50.6826926
15.5861671 50.6824343
15.5864661 50.6823042
15.5869787 50.6820136
15.5875109 50.6815185
15.5876651 50.6814155
15.5883822 50.6811092
15.5897623 50.6806841
15.5916626 50.6800999
15.5937292 50.6796641
15.5958086 50.6793851
15.5964759 50.6792786
15.5969383 50.6791711
15.5970509 50.6791168
15.5971304 50.6790312
15.5971743 50.6787863
15.5970465 50.6786218
15.596771 50.6783713
15.5962091 50.678025
15.5954703 50.6776451
15.5934674 50.676854
15.5932523 50.6767393
15.5929089 50.6764908
15.5927897 50.6763218
15.5927122 50.6759369
15.5927339 50.6755101
15.5927395 50.6750258
15.5927866 50.6745889
15.5929656 50.6741718
15.5930937 50.6739583
15.5939003 50.6729145
15.5939728 50.6727696
15.594054 50.6724545
15.5940177 50.6721831
15.5937837 50.6717315
15.5934899 50.6713839
15.5927516 50.6707488
15.5918342 50.6701362
15.5916737 50.6699385
15.5915553 50.669725
15.5914446 50.6693612
15.5913884 50.6691226
15.5915549 50.6688802
15.5917665 50.6686453
15.5928925 50.6682009
15.5936241 50.6675672
15.5939258 50.6671938
15.5940697 50.6668571
15.5941697 50.6664737
15.5941089 50.6659787
15.5934935 50.6647649
15.5933269 50.6645459
15.5931282 50.6642232
15.5930199 50.663856
15.5931449 50.6634528
15.5931919 50.663366
15.5935143 50.6629566
15.5939925 50.6626406
15.5945979 50.66249
15.5954043 50.6623582
15.5954663 50.662346
15.5956531 50.6623092
15.5969158 50.6621014
15.5976269 50.6617261
15.5978338 50.6615562
15.5981713 50.6611475
15.5984942 50.6603344
15.5992659 50.6591156
15.5995951 50.6586235
15.5998295 50.6582494
15.5999422 50.6580147
15.6000561 50.6578161
15.6001943 50.6575551
15.6004365 50.6572696
15.6014086 50.6565605
15.6018358 50.6561745
15.6025133 50.6553145
15.6037699 50.6533486
15.6041655 50.6528307
15.6047734 50.6520527
15.6048667 50.6518295
15.6049623 50.6514114
15.6049579 50.651122
15.6049125 50.6507981
15.6048024 50.6502768
15.6045715 50.6497559
15.6043759 50.6490166
15.6043598 50.6488312
15.6044208 50.6486989
15.6045099 50.6483658
15.604704 50.6480866
15.6050067 50.6477124
15.6050061 50.6477148
15.6050343 50.6476626
15.6051232 50.6475714
15.6053681 50.6473499
15.6060067 50.6468542
15.6061301 50.6467121
15.6062489 50.6464996
15.6065257 50.6459177
15.606617 50.6454468
15.6065448 50.6448573
15.6067497 50.6443819
15.606947 50.6441021
15.6071574 50.6438633
15.6074283 50.6436012
15.6076366 50.6433892
15.6079379 50.643097
15.6081657 50.6429323
15.6082882 50.6428099
15.6083997 50.6425939
15.6084652 50.6423075
15.6084797 50.6418967
15.6084529 50.6415057
15.6083526 50.6409826
15.6083103 50.6408249
15.6082261 50.6403584
15.6081865 50.6399815
15.6081085 50.639143
15.6080934 50.6388963
15.6080234 50.638716
15.6078835 50.638451
15.6061758 50.6361224
15.6056983 50.6355941
15.6055936 50.6354583
15.6054917 50.6352797
15.6053237 50.6348519
15.6053119 50.6347081
15.6053144 50.6345884
15.6053753 50.6343641
15.6054989 50.6340965
15.6061713 50.6331594
15.6063549 50.6329037
15.6066121 50.6326194
15.6068849 50.6324351
15.6077026 50.6321161
15.6087264 50.6317547
15.6088457 50.6316816
15.6090458 50.6314524
15.6096411 50.6304871
15.6102544 50.6293821
15.6106058 50.6288949
15.610829 50.6287124
15.611122 50.628549
15.6123043 50.6280307
15.6130352 50.6275577
15.6131799 50.6274294
15.6132709 50.6272618
15.6132913 50.6270955
15.613323 50.6268287
15.6131668 50.6263298
15.6128929 50.6254641
15.6129253 50.6250166
15.6130184 50.6245894
15.6131409 50.6244134
15.6141142 50.6236447
15.6143217 50.6234147
15.6144283 50.6232675
15.6145126 50.6229084
15.6146543 50.6224488
15.6148287 50.6220177
15.6150872 50.6217412
15.6156264 50.6214194
15.6163613 50.6210944
15.6168618 50.6207982
15.6171265 50.6205912
15.6173989 50.6202579
15.6175768 50.6199897
15.6180432 50.6192721
15.6181885 50.6188822
15.6183079 50.618288
15.6183046 50.6181403
15.6178767 50.616753
15.6174548 50.6152153
15.6172978 50.6148539
15.6167971 50.614331
15.616596 50.6140881
15.61656 50.6139505
15.6165904 50.6138661
15.61675 50.6136576
15.6169779 50.6135021
15.6177856 50.6130471
15.6187501 50.6125529
15.6191944 50.6122638
15.6194212 50.6120052
15.6196078 50.6117509
15.6197039 50.6113905
15.6196834 50.6110905
15.619715 50.6109329
15.6198316 50.6108163
15.6200579 50.6106771
15.6208925 50.6103371
15.6215884 50.609922
15.6218511 50.6095833
15.621895 50.6094439
15.6218649 50.6090502
15.6218103 50.6086841
15.6218523 50.6084635
15.6221278 50.6079356
15.6222142 50.6077927
15.6223318 50.6073555
15.6223133 50.6071095
15.6221777 50.6065648
15.6218291 50.6059817
15.621442 50.6054224
15.6207178 50.6045363
15.6206169 50.6043496
15.6204809 50.6040793
15.6201554 50.6032074
15.6198514 50.602779
15.6195006 50.6023676
15.6192447 50.6021245
15.618615 50.6016987
15.6177532 50.6011763
15.6167516 50.6005795
15.616525 50.6002515
15.6163915 50.5999393
15.6162057 50.5991431
15.6157212 50.5984044
15.6153576 50.5980041
15.6143833 50.5971935
15.6138258 50.5967332
15.6133277 50.5962293
15.6130881 50.5958522
15.6130401 50.5955238
15.6128579 50.5947588
15.6127512 50.5943883
15.6123245 50.5937486
15.6121659 50.5933453
15.61201 50.5929449
15.6118481 50.5923242
15.6117439 50.5920152
15.6117439 50.5918568
15.6117631 50.5917279
15.6119735 50.5915186
15.6125071 50.5913089
15.612776 50.5912321
15.6134877 50.5909875
15.6137772 50.5908132
15.614045 50.5905608
15.6142381 50.5901852
15.6142792 50.5897175
15.6142556 50.5896027
15.614145 50.5893494
15.6138988 50.5890814
15.6132374 50.5884797
15.6122526 50.5880595
15.6117639 50.5877132
15.6116263 50.5875588
15.6115226 50.5872342
15.61158 50.5870221
15.6116998 50.5868175
15.6120225 50.5864175
15.6126418 50.5859456
15.6130382 50.585525
15.6131376 50.5852998
15.6131653 50.5851199
15.6131063 50.5848492
15.6130332 50.5844465
15.6130699 50.5842978
15.613074 50.5842863
15.6130922 50.5842362
15.6131195 50.5841588
15.6144778 50.5830484
15.6150786 50.582571
15.6154533 50.5823663
15.617344 50.5815268
15.6175917 50.5814434
15.618918 50.5810932
15.6195545 50.5809425
15.6197742 50.5808691
15.620614 50.5805056
15.622034 50.57988
15.622336 50.5798474
15.6225313 50.5798587
15.6237872 50.5800621
15.6244394 50.58005
15.6248366 50.5800339
15.6252146 50.58001
15.6256869 50.5799223
15.6259401 50.579837
15.6264263 50.5796012
15.6265742 50.5794562
15.6270086 50.5790197
15.6271853 50.578736
15.6275446 50.5781256
15.6277111 50.5778699
15.627856 50.57772
15.628025 50.5776466
15.6285814 50.5775561
15.6289489 50.5774916
15.6294375 50.577428
15.6300025 50.5774213
15.6307394 50.5773328
15.6310001 50.5772763
15.6312859 50.5770981
15.6315617 50.5768183
15.6318685 50.5764276
15.6321057 50.5762071
15.6322825 50.5760988
15.6339862 50.5755849
15.6342062 50.5754931
15.6349229 50.5751019
15.6353002 50.5747404
15.6354645 50.5744208
15.6359049 50.5739634
15.6361278 50.5738388
15.6370181 50.5733133
15.6384677 50.5728163
15.6386748 50.5726881
15.6388456 50.5725044
15.6389761 50.5722172
15.638907 50.5719541
15.6386995 50.5715303
15.6386388 50.5711169
15.6385891 50.5708332
15.6386101 50.5705977
15.6387434 50.5703317
15.6394832 50.5697362
15.6397086 50.5695233
15.6410314 50.5686411
15.6416178 50.5683462
15.6445043 50.5672326
15.646175 50.566855
15.6464821 50.5667593
15.6476443 50.566325
15.6487179 50.5658218
15.6506413 50.5651804
15.6507784 50.5651475
15.6519341 50.5649692
15.6531467 50.5649097
15.6538069 50.5649166
15.6542488 50.5649147
15.6551796 50.564884
15.655995 50.5649113
15.6571054 50.564993
15.6577653 50.5649828
15.6585117 50.5647691
15.658909 50.5646037
15.6592539 50.5644075
15.6601959 50.5636132
15.6605657 50.5633821
15.6618003 50.5628192
15.662395 50.5624625
15.664339 50.5610228
15.6651028 50.5603392
15.6655664 50.560031
15.666891 50.5593717
15.667911 50.5587535
15.6683417 50.5585261
15.6688742 50.5583286
15.6693363 50.558244
15.669468 50.558243
15.6698513 50.5582457
15.6701767 50.5583049
15.6717542 50.5588274
15.6722171 50.5589446
15.6729431 50.5590425
15.6752525 50.5591446
15.675502 50.5591114
15.6759864 50.5589855
15.6762166 50.5588024
15.6770705 50.5583262
15.6783388 50.5577903
15.6788058 50.5574733
15.6806403 50.5553985
15.6810082 50.5547922
15.6813102 50.554437
15.6815799 50.5542021
15.6818001 50.5540604
15.6822284 50.553761
15.683452 50.5532786
15.6839031 50.5530213
15.6839747 50.5529241
15.6843832 50.5520121
15.6845588 50.5518256
15.6847458 50.5516829
15.6852142 50.5514824
15.6857359 50.5513713
15.6863831 50.55128
15.6874245 50.5512602
15.6885453 50.5513284
15.6889267 50.5512661
15.6892905 50.5510983
15.6894793 50.5509584
15.6899392 50.550664
15.6907959 50.5503509
15.6909437 50.550297
15.6920117 50.5498153
15.6925921 50.5495624
15.6933376 50.5493958
15.6944682 50.5492114
15.6954243 50.5491402
15.6962596 50.5491872
15.6968248 50.5492365
15.6970583 50.5492418
15.6973203 50.5492512
15.6976369 50.5492115
15.6979274 50.5491178
15.6984724 50.5488685
15.6990011 50.5484508
15.6992459 50.5480861
15.6994855 50.547931
15.6998108 50.547818
