15.4549956 50.0483771
15.4539637 50.0484021
15.4533567 50.048356
15.451931 50.0481491
15.4509348 50.0478466
15.4504696 50.047628
15.4502329 50.0474957
15.4491856 50.0467741
15.4482938 50.0460796
15.447247 50.0454111
15.4464476 50.0450045
15.4457447 50.0446969
15.4449673 50.0444818
15.4437097 50.0442135
15.4435657 50.0441886
15.4432707 50.0441433
15.4425878 50.044076
15.4384142 50.0438997
15.4381384 50.0438503
15.4376429 50.0437616
15.4369216 50.0435619
15.4360436 50.0432377
15.435719 50.0430638
15.4346682 50.042237
15.4343209 50.0417978
15.4340141 50.041385
15.4327342 50.0387768
15.4321431 50.0381214
15.4317668 50.0377531
15.4312952 50.0374475
15.4310864 50.0373855
15.4303639 50.0371708
15.4297309 50.0370316
15.4295049 50.036982
15.428482 50.0368729
15.4265159 50.0367925
15.4257648 50.0368583
15.4249826 50.0369763
15.4230933 50.037334
15.4225069 50.0375278
15.4211491 50.0380646
15.420345 50.0383176
15.4194228 50.0385447
15.4187628 50.0386669
15.4176649 50.0387925
15.4165713 50.0387674
15.4148149 50.0387178
15.41311 50.0387346
15.4116518 50.0389242
15.4106428 50.0391481
15.4079909 50.0396869
15.405771 50.0402833
15.4034195 50.0410765
15.4004068 50.0422285
15.397858 50.0430994
15.3922504 50.0452023
15.3897009 50.0460053
15.3888095 50.046254
15.3882944 50.0463977
15.3841956 50.047418
15.3833368 50.0475559
15.3821855 50.0476786
15.3807039 50.047707
15.3801299 50.0476763
15.3797297 50.0476159
15.3791823 50.0475265
15.3784712 50.0473471
15.3782047 50.0472798
15.3776828 50.047123
15.3763105 50.0464978
15.3755432 50.0459556
15.3739377 50.0443802
15.3730271 50.0436908
15.3715529 50.0430723
15.3710463 50.0429266
15.3664565 50.0421911
15.3645468 50.0417588
15.3639242 50.0415467
15.3629274 50.0409934
15.3606753 50.0392292
15.3594199 50.0385853
15.3556741 50.0374434
15.3554199 50.037375
15.3543792 50.0370947
