15.7679656 50.4576996
15.7690441 50.4570645
15.769297 50.456922
15.7707041 50.4557539
15.771829 50.4546738
15.7719339 50.4545678
15.7725583 50.4538617
15.7744208 50.4519367
15.7748418 50.4515009
15.7750713 50.451189
15.7756034 50.4503327
15.7757236 50.4501943
15.7763925 50.4497145
15.7784009 50.4486261
15.7808501 50.4474921
15.7811659 50.4474276
15.7830251 50.4472954
15.783434 50.4472258
15.7837647 50.447091
15.7840576 50.4468903
15.7841267 50.4468157
15.7841723 50.4467665
15.7845591 50.4463489
15.7852905 50.4456999
15.7859767 50.4451063
15.7864803 50.4447167
15.7870458 50.4443502
15.7879988 50.4439984
15.7888543 50.4439039
15.7892842 50.4439445
15.7894463 50.4440247
15.7896176 50.4441674
15.7897804 50.4444088
15.7898611 50.4447336
15.7898566 50.4452533
15.7899013 50.4454156
15.7899691 50.4455158
15.7901337 50.4456321
15.7902058 50.4456547
15.7905905 50.4457155
15.7910967 50.445719
15.7917579 50.4455639
15.7921196 50.445439
15.7924012 50.4452702
15.7929228 50.4448347
15.7929903 50.444671
15.7930268 50.4443757
15.7929111 50.444118
15.7927359 50.4438686
15.7924375 50.4435579
15.7922296 50.4432542
15.7922008 50.4413813
15.7922712 50.441056
15.7924305 50.4407873
15.7926634 50.4405425
