14.0489005 50.6387681
14.0483032 50.6403736
14.0480217 50.6412452
14.0474699 50.6421128
14.0471517 50.6426132
14.0443209 50.6485827
14.0437465 50.6502929
14.043049 50.6525525
14.0429418 50.6537299
14.0429386 50.6550485
14.043135 50.6558276
14.0432315 50.6561739
14.0434132 50.6565252
14.0444178 50.6578555
14.0450276 50.6582789
14.0464429 50.6590296
14.0469865 50.659318
14.0483624 50.6599797
14.0497509 50.6603582
14.0508624 50.6604429
14.0533346 50.6605825
14.0560706 50.6606598
14.0587539 50.6605613
14.0653603 50.6600552
14.0686659 50.6596274
14.0719815 50.6593126
14.0736667 50.6593342
14.0766772 50.6595886
14.0787772 50.6602497
14.079275 50.6604354
14.0808868 50.6609487
14.0814495 50.6612028
14.0817242 50.661295
14.0849554 50.66238
14.0860954 50.6626682
14.0881835 50.6630836
14.0967832 50.6648387
14.0997389 50.6653831
14.1053079 50.6665912
14.1075549 50.6672989
14.1076018 50.6673118
14.1109502 50.6684988
14.1121206 50.6689956
14.1130964 50.6694098
14.1139779 50.6697912
14.1151003 50.6703999
14.1157925 50.6709451
14.1164226 50.6715277
14.1177448 50.6735889
14.1191194 50.6753605
14.1192394 50.67546
14.12021 50.6761346
14.1214111 50.6766021
14.1218087 50.6767336
14.123577 50.6770005
14.1251769 50.6770197
14.1283229 50.6764667
14.1310451 50.6753389
14.131562 50.6750255
14.1328341 50.6739778
14.1354008 50.6713722
14.1375362 50.6699147
14.1378509 50.6696999
14.1414676 50.6684943
14.1444232 50.6678721
14.1509567 50.667211
14.1567124 50.6671332
14.1574929 50.6672655
14.1590069 50.6675221
14.160368 50.6681054
14.1618193 50.6689164
14.1630126 50.6695832
14.1648404 50.6714888
14.1661237 50.6730055
14.1666572 50.6741551
14.1669015 50.6745611
14.1673293 50.6761945
14.1679464 50.677918
14.1684216 50.679143
14.1688143 50.6798197
14.1695708 50.6810274
14.1709109 50.6822247
14.171508 50.6826621
14.172255 50.6829675
14.1740957 50.6835091
14.1761184 50.6839725
14.1800897 50.6848152
14.1829132 50.6853101
14.1849075 50.6856447
14.1881388 50.6861974
