15.5361398 50.7756983
15.5361516 50.7756899
15.5361985 50.7756685
15.5362225 50.7756546
15.5364342 50.7755319
15.536529 50.7754773
15.5366917 50.7754618
15.5370686 50.7753806
15.5371806 50.775405
15.5372711 50.7754672
15.5374401 50.7754348
15.5378943 50.7752649
15.5382691 50.7752837
15.5384418 50.7752514
15.5388037 50.7750865
15.5394256 50.7749851
15.5395565 50.7747652
15.5402798 50.774595
15.5407842 50.7742701
15.5411558 50.774008
15.5415915 50.7738855
15.5420262 50.7735921
15.5423247 50.7735531
15.5429278 50.7733587
15.5436143 50.7730722
15.5437796 50.773001
15.5439652 50.7729815
15.544116 50.7730423
15.5442958 50.772983
15.5443373 50.7728905
15.5444541 50.772823
15.5445465 50.7727404
15.5445948 50.7726047
15.5447316 50.7725479
15.544741 50.7725131
15.5448094 50.7724961
15.5449073 50.7723833
15.544914 50.7722977
15.5448885 50.7722146
15.5449563 50.7720343
15.5451567 50.7719449
15.545378 50.7719593
15.5454451 50.771933
15.5456865 50.7718872
15.5458125 50.7717803
15.5458166 50.7715971
15.5459574 50.7714792
15.5461559 50.7712901
15.5462927 50.7712265
15.5464351 50.7712501
15.5465527 50.7712232
15.546674 50.7711787
15.5467786 50.7711404
15.5469208 50.7711167
15.5470445 50.7711514
15.5471063 50.7711341
15.5471307 50.7710872
15.5472665 50.7710539
15.5473988 50.7710858
15.5480727 50.7710157
15.5484402 50.7709668
15.548574 50.7709243
15.5488381 50.7709198
15.5490839 50.7707582
15.5491889 50.770675
15.5499678 50.7702836
15.550707 50.7698268
15.5510176 50.7694776
15.5515833 50.7690263
15.5516227 50.7689054
15.5516362 50.7685332
15.5517025 50.76841
15.5518266 50.768307
15.5521851 50.7680914
15.5523192 50.767844
15.5524476 50.767322
15.5526598 50.7669635
15.5527194 50.766806
15.5527054 50.7665912
15.5526259 50.7663268
15.5525643 50.7662162
15.5524745 50.7656863
15.5523808 50.7654643
15.5523154 50.7651729
15.5521391 50.7649042
15.5518048 50.7644988
15.5516987 50.7643541
15.5516629 50.7642684
15.5516595 50.7642602
15.5515791 50.7638153
15.5517428 50.7634061
15.5518154 50.7631721
15.5517711 50.7631133
15.5516786 50.7630776
15.5516323 50.7629564
15.5514739 50.7629161
15.5513493 50.762746
15.5511459 50.762562
15.5511535 50.7624904
15.5512062 50.7624182
15.551328 50.7623199
15.5518522 50.7620419
15.5519398 50.7619605
15.5519755 50.7618345
15.551963 50.7616978
15.5517267 50.7613347
15.5517107 50.7610343
15.5515911 50.7607497
15.5515786 50.7606502
15.5516421 50.7605275
15.551768 50.7604112
15.5521454 50.7601331
15.5522178 50.7600665
15.5524896 50.7598162
15.5526126 50.7596582
15.5527285 50.7594237
15.5531328 50.7591615
15.5533865 50.7589187
15.5536738 50.7587131
15.5540127 50.758508
15.5543711 50.7583994
15.5550326 50.7583988
15.5553761 50.7583253
15.5556132 50.7582499
15.5570892 50.7575389
15.5578038 50.757432
15.5584708 50.7573887
15.5590599 50.7571701
15.5598998 50.7570328
15.5603164 50.7569204
15.5609311 50.7568091
15.5617291 50.7565515
15.5619388 50.7565228
15.5626937 50.7565174
15.5634231 50.7564185
15.5635796 50.7564254
15.5637353 50.7564651
15.5643366 50.7567344
15.5644288 50.7567363
15.5647177 50.7566776
15.5650253 50.756451
15.5652863 50.7563676
15.5656765 50.7563339
15.5662729 50.7563887
15.5665345 50.7563346
15.5677595 50.7558796
15.568554 50.7552732
15.5686481 50.7552423
15.5688938 50.7551616
15.5701585 50.7548729
15.5703079 50.7548126
15.5705694 50.7546464
15.5708128 50.7543836
15.5710221 50.7540481
15.5711551 50.7539434
15.5713728 50.7538096
15.5721236 50.7536479
15.5728809 50.753355
15.5731674 50.753282
15.5737313 50.7531449
15.5740974 50.7531033
15.5749986 50.753078
15.5752392 50.7530712
15.5756724 50.753095
15.5757658 50.7530711
15.5762708 50.7528325
15.5769331 50.7526195
15.5773373 50.7523478
15.5781379 50.7516542
15.5787651 50.751289
15.5791879 50.7511275
15.5794921 50.7511374
15.5804041 50.7513458
15.5805341 50.7513383
15.5807122 50.7512394
15.580822 50.7511139
15.5809117 50.7508981
15.5811184 50.7505883
15.5813419 50.7503985
15.5814348 50.7503636
15.5826573 50.7501124
15.5829936 50.7500243
15.5834355 50.7499214
15.5836297 50.7498631
15.5846906 50.7496446
15.5857799 50.74936
15.5864708 50.7492442
15.5867608 50.7492262
15.587297 50.7492525
15.5877763 50.7494511
15.5884653 50.7497428
15.5886867 50.7497839
15.5889295 50.7497674
15.5891945 50.7496357
15.5894338 50.7493527
15.5898595 50.7491966
15.5901123 50.7489175
15.5904706 50.7487799
15.590741 50.7487253
15.5912516 50.7486554
15.5925861 50.7485542
15.5932736 50.7485765
15.5935675 50.7486747
15.5938853 50.7488559
15.5940422 50.7488875
15.594173 50.7488948
15.5948064 50.7487969
15.5952025 50.7487071
15.5955501 50.7485717
15.595781 50.7484245
15.5959091 50.7482783
15.5959203 50.7481302
15.5958388 50.7478115
15.5958721 50.7475603
15.5959612 50.7473634
15.5962514 50.7471795
15.59688 50.7470139
15.5974722 50.7469708
15.5984723 50.7472282
15.5987407 50.7471976
15.5990928 50.7470746
15.5993896 50.7468955
15.6000208 50.7463654
15.6002897 50.7461127
15.6005834 50.7459207
15.6008994 50.7458522
15.6010554 50.7458487
15.6017743 50.7461269
15.6018454 50.7461524
15.6019442 50.7461668
15.6023792 50.7461291
15.602613 50.7460242
15.6029903 50.7457667
15.6034542 50.7453889
15.6036251 50.745186
15.6036161 50.7450836
15.6031124 50.744754
15.6029704 50.7445086
15.603007 50.7442634
15.6030112 50.7442355
15.6030884 50.744034
15.6033106 50.7437405
15.6034378 50.7434925
15.6036548 50.7431926
15.6039061 50.7429686
15.6041597 50.7428136
15.6045595 50.7426098
15.6050105 50.7424404
15.6051979 50.7422898
15.6055831 50.7420188
15.6056657 50.7419006
15.6057427 50.7417968
15.605873 50.7416222
15.6059924 50.7412286
15.606093 50.740565
15.6061038 50.7404454
15.6061323 50.74022
15.6061578 50.7396141
15.6062053 50.7392195
15.6060334 50.7388208
15.6059387 50.7384901
15.605923 50.7382865
15.605918 50.7382559
15.6062981 50.7378048
15.6063832 50.7375096
15.6064613 50.7370419
15.60631 50.7364632
15.6065174 50.7359977
15.6067012 50.7355667
15.6068842 50.7351817
15.6071546 50.7340387
15.607236 50.7336644
15.6073199 50.7334959
15.6074444 50.7332456
15.6075655 50.7329964
15.6078604 50.7327445
15.6082125 50.7324436
15.6085119 50.7321819
15.6086439 50.7319601
15.6086318 50.7317424
15.6085807 50.731619
15.6084048 50.7314348
15.608095 50.7312592
15.607862 50.7311305
15.6076442 50.7310105
15.6074143 50.7308397
15.6073252 50.7306242
15.6073782 50.7304727
15.6074467 50.7303603
15.6075482 50.7302424
15.6081195 50.7297466
15.6083731 50.7293997
15.6083961 50.7292724
15.6084142 50.7291799
15.6083664 50.7289235
15.6082747 50.7287023
15.6082226 50.7285771
15.6080718 50.7284056
15.6078611 50.7282632
15.6076502 50.7281206
15.6074307 50.7280007
15.6073103 50.7278943
15.6071602 50.7277356
15.6070621 50.7275959
15.6069853 50.7274553
15.6069153 50.7273147
15.6068828 50.7272477
15.6065267 50.7265218
15.6061372 50.7257203
15.6060953 50.7256328
15.6057675 50.7249415
15.6057264 50.724855
15.6053895 50.7241442
15.6052583 50.7239199
15.6050536 50.7238054
15.6048346 50.7236932
15.6046011 50.7236534
15.6043675 50.723643
15.6037744 50.7237067
15.6020547 50.7242323
15.60143 50.7242273
15.6008857 50.7241163
15.6006782 50.7240671
15.600475 50.7239819
15.599524 50.7234664
15.5990061 50.7233395
15.5981721 50.7232906
15.5966586 50.7231177
15.5956812 50.722843
15.5951533 50.7227287
15.5944938 50.7227227
15.5942776 50.7227169
15.5940591 50.7227138
15.5930434 50.7226061
15.5929457 50.7225881
15.5913333 50.7222615
15.5907497 50.7221214
15.5901806 50.7220422
15.5899453 50.7219591
15.5895328 50.7217033
15.5892478 50.7215049
15.5890764 50.7205796
15.5884867 50.7197235
15.5879481 50.7191463
15.5876677 50.7187407
15.5875555 50.7183528
15.5873358 50.7176888
15.5869954 50.7170511
15.5863771 50.7162459
15.5857194 50.7153575
15.5851346 50.714516
15.5848306 50.7139312
15.5847301 50.7129948
15.5847756 50.7126223
15.5850581 50.7123185
15.5854572 50.7121517
