15.7926634 50.4405425
15.792877 50.4404308
15.7932607 50.4403926
15.7948134 50.4404972
15.7959923 50.4405133
15.796617 50.4405607
15.7971683 50.4406723
15.7981534 50.4409597
15.7991231 50.4412315
15.8016163 50.4414793
15.8026027 50.4415314
15.8035829 50.4415057
15.8038683 50.4414599
15.8044995 50.4412826
15.8052455 50.4409719
15.8058301 50.4408316
15.806681 50.4407572
15.8084019 50.4407305
15.8085663 50.4406918
15.8089498 50.4404511
15.809121 50.440219
15.8091556 50.4401019
15.8091538 50.440061
15.8090263 50.4398696
15.8087226 50.4395838
15.8086689 50.4395438
15.8080536 50.4390672
15.8078164 50.4387264
15.8078086 50.4386165
15.8078416 50.4385221
15.8082251 50.4377356
15.8082866 50.4374326
15.8083113 50.4369551
15.80817 50.4361699
15.808174 50.4360437
15.808296 50.4358656
15.8087356 50.4353942
15.8088376 50.4352465
15.8092992 50.4342942
15.8098155 50.4334203
15.8099159 50.4330749
15.8099821 50.4325257
15.8099457 50.4323122
15.8092966 50.4307868
15.8086377 50.4289966
15.8085751 50.4286571
15.8086078 50.4283269
15.8087183 50.4279455
15.8088984 50.4276533
15.8090627 50.4274147
15.8092744 50.4271969
15.8093619 50.4271368
15.8098619 50.4267858
15.8103859 50.4265127
15.810492 50.4264603
15.8112919 50.4261087
15.8119799 50.4258529
15.8125251 50.4257435
15.812999 50.4256484
15.8135577 50.4256201
15.8141109 50.4256277
15.8152797 50.4256509
15.8157935 50.4255988
15.8164289 50.4254793
15.8170782 50.4253173
15.8172767 50.4252353
15.8182505 50.4246943
