14.2414793 50.4358336
14.2407468 50.4366261
14.2393804 50.4389675
14.2391065 50.4395235
14.2382601 50.4417788
14.2371858 50.4449591
14.2366388 50.4470544
14.2365503 50.4477486
14.2365102 50.449874
14.2365705 50.4525154
14.2361492 50.4528388
14.2360133 50.452986
14.2358716 50.4532189
14.2357392 50.4536942
14.2356363 50.4551554
14.2355854 50.4560183
14.2355698 50.4562826
14.2357974 50.4574688
14.2358427 50.4587042
14.2349509 50.4615153
14.2338406 50.4651939
14.2331282 50.4720886
14.2332422 50.4732923
14.2336203 50.47471
14.2337471 50.4749715
14.2338488 50.4764715
14.2339274 50.477631
14.2340515 50.4781748
14.2343164 50.4790815
14.2345963 50.4798885
14.2347847 50.4811704
14.234904 50.4817518
14.2349671 50.4832681
14.234911 50.4847484
14.2347672 50.4854234
14.2345484 50.4861987
14.2333737 50.4886352
14.2318242 50.4906669
14.2305526 50.492345
14.2283233 50.4958277
14.2270833 50.498512
14.2265614 50.4998191
14.2251628 50.5036364
14.2248641 50.5053529
14.2240371 50.5101046
14.2238409 50.5110143
14.2234455 50.5121443
14.2228289 50.5136837
14.2212827 50.5158366
14.2197597 50.517099
14.2180995 50.5184369
14.2160013 50.5199066
14.2132205 50.5209676
14.2109113 50.5216846
14.2037836 50.5234537
14.2016007 50.5239063
14.1977717 50.5242252
14.1942825 50.5246919
