15.9160541 50.3552724
15.9161559 50.35489
15.9162673 50.3547071
15.9163866 50.3546024
15.9168109 50.3543678
15.917036 50.3542709
15.9173758 50.3542023
15.9176425 50.3541752
15.9180634 50.3541989
15.9185236 50.3543358
15.9193129 50.3547426
15.9202042 50.3551122
15.9203669 50.3551304
15.9204836 50.3551287
15.9207687 50.3550951
15.9210791 50.3550449
15.9215837 50.3548594
15.9220159 50.3547973
15.9226573 50.3548086
15.9238541 50.3550001
15.9244527 50.3549928
15.9277465 50.3545827
15.929114 50.3543721
15.929612 50.3542167
15.9307603 50.3536121
15.9310485 50.35332
15.931348 50.3525274
15.9315454 50.3514932
15.9315384 50.3510467
15.9314074 50.3506121
15.9307704 50.3496508
15.9303644 50.3488617
15.9303161 50.3480546
15.9303081 50.34792
15.9302267 50.3471762
15.9298918 50.3458872
15.9294976 50.3450426
15.9287355 50.3441819
15.9283875 50.3439467
15.9263323 50.3430703
15.9254895 50.3427416
15.9247549 50.3425052
15.9209844 50.3416719
15.9204564 50.3414586
15.9202812 50.3413215
15.9200693 50.3410534
15.9196377 50.3403476
15.9190804 50.3394361
15.9187449 50.3390538
15.9181959 50.338607
15.9179514 50.3383189
15.917857 50.338077
15.9173887 50.3376996
15.9171628 50.3376072
15.9169377 50.3374402
15.9163093 50.3371913
15.9148485 50.3368109
15.9123627 50.3362247
15.9091695 50.3356425
15.9081427 50.335428
15.9060316 50.3348494
15.9049961 50.3345443
15.9049278 50.334522
15.9041435 50.3341438
15.903378 50.3338
15.9022923 50.3333125
15.9008384 50.3326731
15.8997279 50.3323024
15.8987463 50.3320559
15.8965553 50.3315927
15.8957143 50.3313646
15.8946101 50.3310029
15.8935639 50.3306101
15.8924932 50.3301371
15.8915171 50.3296476
15.8900597 50.3287883
15.8893201 50.3282578
15.8885072 50.3275922
15.8880796 50.3271793
15.8874875 50.3265226
15.8869729 50.3258363
15.8861523 50.3246443
15.8856436 50.324092
15.8854304 50.323805
15.8845006 50.3228873
15.8840093 50.3224749
15.8835645 50.3221015
15.8826823 50.3214773
15.8804834 50.3200137
15.8799908 50.319643
15.8795568 50.3192082
15.8791278 50.3186766
15.8787755 50.318124
15.8785561 50.3176382
15.8784062 50.3170819
15.8781822 50.31594
15.8780986 50.3149735
15.8781566 50.3144047
15.8785295 50.3128591
15.8787794 50.3123512
15.879492 50.3113174
15.880086 50.3106129
15.8805657 50.3097886
15.8806805 50.3092614
15.880661 50.3080696
15.8805541 50.3074877
15.8802806 50.3068675
15.8790882 50.3047086
15.8777987 50.3026553
15.8777344 50.3023507
15.8777098 50.3017591
15.8776363 50.301567
15.8774773 50.3011949
15.8774614 50.3011578
15.8772327 50.3006225
15.8771953 50.300561
15.8768056 50.2999212
15.8761775 50.2991768
15.8757691 50.2987899
15.8748786 50.2981637
15.8735678 50.297465
15.871874 50.2968116
15.8705289 50.2961999
15.8698484 50.295806
15.8687905 50.2948569
15.8677084 50.2941744
15.8671155 50.2938996
15.8664862 50.2936747
15.8651713 50.29335
15.8644379 50.2932047
15.8637721 50.2930007
15.8626651 50.292512
15.862158 50.2921906
15.8613933 50.2915816
15.860813 50.2910028
15.8604977 50.2906216
15.860073 50.2899824
15.8598506 50.2894547
15.8597548 50.2889344
15.8598268 50.2878499
15.8599303 50.2874734
15.8605876 50.2863313
15.8616385 50.2849035
15.861828 50.2844691
15.8619489 50.2839315
15.8619279 50.2830956
15.8617273 50.2823443
15.8613558 50.2816292
15.8608161 50.2810555
15.8602086 50.280603
15.8596204 50.2802364
15.8586856 50.2797445
15.8581595 50.2795589
15.8552318 50.2788889
15.8545183 50.2787821
15.8535584 50.278525
15.8510475 50.2776056
15.8502255 50.2773811
15.8494785 50.2772256
15.8488325 50.2771377
15.8480377 50.2771019
15.8468975 50.2771287
15.8467724 50.2771345
15.8449224 50.2772284
15.843917 50.2772226
15.8427056 50.2771085
15.8413656 50.276824
15.8387256 50.2760741
15.8378763 50.2758988
15.8371672 50.2757911
15.8364266 50.2757099
15.8350269 50.2756652
15.8337767 50.2756841
15.8325916 50.2755839
15.8313224 50.275293
15.830672 50.2750724
15.8296587 50.2745966
15.8291296 50.2742375
15.8286242 50.2737901
15.8282866 50.273423
15.8279635 50.2729815
15.8278555 50.2727276
15.8277499 50.2723803
15.8276232 50.2717629
15.8276406 50.2714648
15.8277381 50.2707706
15.8278143 50.2702898
15.827656 50.2695873
15.8274741 50.2691418
15.8266579 50.2681014
15.8263303 50.2675208
15.8262157 50.2672884
15.8260515 50.2667108
15.8260319 50.2662863
15.8261692 50.2651534
15.8262114 50.2646806
15.8260172 50.2639694
15.8256927 50.2631462
15.8254923 50.2627941
15.8251678 50.2623565
15.8246046 50.2618148
15.8240247 50.2611858
15.8237399 50.2606899
15.8236233 50.2603681
15.8235121 50.2599189
15.8234938 50.2596839
15.8235567 50.2594552
15.823889 50.2586887
15.8245947 50.2576207
15.8248394 50.2574136
15.8251101 50.2572492
15.825226 50.2570863
15.8252615 50.2569847
15.8253519 50.2566447
15.8254781 50.2564077
15.8257263 50.2560843
15.8258969 50.2557369
15.8260667 50.255153
15.8262283 50.2548732
15.8263501 50.2543922
15.8263112 50.2538548
15.8261485 50.2532997
15.8258571 50.2525802
15.8256315 50.2521197
15.8255434 50.2517645
15.8257098 50.249556
15.8256693 50.2491144
15.825493 50.2485577
15.8252223 50.2479645
15.824824 50.247385
15.824547 50.2470441
15.8242853 50.2467644
15.8232402 50.2457986
15.8229732 50.2454864
15.8224682 50.2447329
15.8221673 50.2439071
15.8220554 50.2434557
15.8220765 50.2423811
15.8221666 50.2419932
15.8224114 50.2414132
15.8230924 50.2404428
15.8238373 50.239637
15.8241946 50.2392122
15.8244702 50.2388081
15.8246855 50.2384038
15.8249101 50.2377343
15.8250299 50.2370968
15.8250065 50.2365524
15.82485 50.2358614
15.8247962 50.2356239
15.8247378 50.2350999
15.8247327 50.2344188
15.8249508 50.233675
15.8250963 50.2325658
15.8250204 50.2318233
15.8247965 50.2310758
15.8246474 50.2307985
15.8239338 50.2297339
15.8235367 50.2292483
15.8233067 50.22887
15.823136 50.2284161
15.8230667 50.227689
15.8232092 50.2270434
15.8234277 50.2265971
15.8237338 50.226139
15.8238765 50.2259682
15.8240596 50.2257492
15.8249594 50.2248713
15.8254267 50.2242124
15.8256501 50.2236283
15.8256874 50.2233015
15.8255568 50.2222778
15.8254059 50.2214485
15.8254754 50.2207386
15.825708 50.2200884
15.8263129 50.2191359
15.8264433 50.2188993
15.8269817 50.2177984
15.8272366 50.2171231
15.8277499 50.2133166
15.8279239 50.2122133
15.8282617 50.2105752
15.8282737 50.2102931
15.8280267 50.2095715
15.8270968 50.2085374
15.8263789 50.2080699
15.8258982 50.2076635
15.8254431 50.2071849
15.825392 50.2071312
15.8246518 50.2066118
15.8243344 50.2061359
15.8242097 50.205808
15.8241072 50.2049816
15.8244224 50.2036278
15.8244764 50.2035146
15.8246194 50.2032152
15.8234734 50.201106
15.8232542 50.2007861
15.8227119 50.2001789
15.8217467 50.1993457
15.8209708 50.1988275
15.8188437 50.1977682
15.8181995 50.1973985
15.8177478 50.1970361
15.8172868 50.196556
15.8169898 50.1962013
15.8168106 50.1959042
15.8160378 50.1943238
15.8159415 50.1941834
15.8156823 50.1935675
15.8155638 50.1930712
15.815531 50.192735
15.8156271 50.1922705
15.8157523 50.1919049
15.8160183 50.1913843
15.8165566 50.1906205
15.8167211 50.190298
15.8170504 50.1893978
15.8170729 50.1887078
15.8169418 50.1881916
15.8166227 50.1875127
15.8163086 50.1870831
15.8158731 50.1866846
15.8156517 50.1864174
15.8148654 50.1858825
15.8141748 50.1855442
15.81361 50.1853606
15.8124916 50.1850041
15.8103714 50.1841767
15.8092838 50.1836361
15.8082804 50.1829142
15.8078503 50.1825402
15.8077967 50.1824937
15.8074233 50.1821619
15.8069538 50.1815719
15.8067399 50.1812414
15.806368 50.1803547
15.8061328 50.1792013
15.8061666 50.1783057
15.8062647 50.1778471
15.8068266 50.1763691
15.8072325 50.1754574
15.807882 50.1745168
15.8083804 50.1739964
15.8091003 50.1733662
15.8102064 50.1725186
15.8108053 50.1720596
15.8112331 50.1716008
15.8114881 50.1710779
15.811735 50.170385
15.8119008 50.1695596
15.8118668 50.1688876
15.8114759 50.1679342
15.8103089 50.1661843
15.8095462 50.1644728
15.8093394 50.1640089
15.8093287 50.1632105
15.8094342 50.1623553
15.8095605 50.161952
15.8096877 50.161211
15.8096957 50.1611642
15.8096095 50.1601181
15.8095882 50.159897
15.8094015 50.1595006
15.8093116 50.1593747
15.8083557 50.1582743
15.8064083 50.1558971
15.8057112 50.1545339
15.8056282 50.1543716
15.804862 50.1530417
15.8045002 50.1524136
15.804476 50.1519033
15.8045251 50.1508576
15.8046782 50.1498034
15.8046806 50.1491289
15.8045353 50.1488232
15.8039861 50.1482558
15.8033541 50.147709
15.8030928 50.147452
15.8029522 50.1471091
15.8027668 50.1466438
15.802701 50.1462345
15.8027177 50.1458045
15.8027674 50.1455147
15.8028023 50.1453062
15.802933 50.1449956
15.8033588 50.1442496
15.8036396 50.1438534
15.8038476 50.1436338
15.8048012 50.142745
15.805202 50.1424472
15.8065927 50.1416706
15.8077329 50.1410805
15.8086892 50.1406324
15.8096573 50.1402995
15.8122536 50.1394126
15.8152456 50.1382223
15.8159491 50.13783
15.8165606 50.1373444
15.8168085 50.1370541
15.8172515 50.1363179
15.8174006 50.135931
15.8174654 50.1355782
15.8174706 50.1352153
15.8173325 50.1345043
15.8170812 50.1334879
15.8170079 50.1333217
15.8169956 50.1329491
15.8170658 50.1325784
15.8172542 50.1322144
15.817571 50.1318603
15.8180242 50.13147
15.8183121 50.13114
15.8184013 50.130995
15.8184457 50.1308388
15.8184459 50.130694
15.8183768 50.1305331
15.8181888 50.1302634
15.8179413 50.1300431
15.8172943 50.1297296
15.8154705 50.1287956
15.8150652 50.1285805
15.814683 50.1282565
15.8145644 50.1279664
15.8145364 50.1263932
15.8144669 50.1261053
15.8143568 50.1258794
15.8138838 50.1253873
15.8120132 50.1240526
15.8109679 50.1234323
15.8107479 50.1233081
15.8103962 50.1231285
15.8094654 50.1228245
15.80874 50.1224961
15.8072851 50.1219769
15.8064114 50.1218321
15.8059324 50.1217842
15.8044257 50.1216742
15.8035884 50.1216649
15.8028014 50.121704
15.8024851 50.1216824
15.8020815 50.1215801
15.8018372 50.1214508
15.8016516 50.1212742
15.8014365 50.120513
15.8013341 50.1200661
15.8013454 50.1197106
15.8016231 50.119501
15.8019316 50.1194329
15.8021036 50.1193578
15.802301 50.1192207
15.803167 50.1185088
15.8034188 50.1181703
15.8034878 50.1180941
15.8035304 50.11797
15.8036225 50.1176047
15.8034848 50.1171482
15.8031375 50.1165822
15.8028283 50.1160312
15.8027533 50.1158623
15.8023553 50.1149637
15.8016992 50.112975
15.8016147 50.1126886
15.8014687 50.112453
15.8011957 50.1121247
15.8000539 50.110876
15.7996044 50.1101902
15.7994696 50.109853
15.7993513 50.1094267
15.7993505 50.1089387
15.7994487 50.1084899
15.7996666 50.1080089
15.8001722 50.1072839
15.8007108 50.1067908
15.8012711 50.1064676
15.8017428 50.1062297
15.8022663 50.1059655
15.8030543 50.1056508
15.8036863 50.1053397
15.8047102 50.1044929
15.8051519 50.103909
15.8053156 50.1036108
15.8054062 50.1033884
15.8055283 50.1030042
15.8055534 50.1023897
15.8054754 50.1019832
15.8052322 50.1013682
15.8044107 50.0998058
15.8041871 50.0993173
15.804059 50.0989259
15.8040173 50.0981388
15.8041349 50.0975586
15.8044265 50.0969386
15.8051919 50.0960084
15.8055981 50.0956979
15.8064093 50.0951231
15.8068989 50.0948532
15.8076849 50.094579
15.8079642 50.0945055
15.808418 50.0943862
15.8091083 50.0942428
15.809638 50.0941239
15.8106734 50.0937726
15.811348 50.0936272
15.8121024 50.0935357
15.8124994 50.093584
15.81319 50.093752
15.8135697 50.0938372
15.8145313 50.0940113
15.8148195 50.0940309
15.8151153 50.094051
15.8158319 50.0940077
15.8161157 50.0939304
15.8164695 50.0938312
15.8171252 50.0934791
15.8175685 50.0930819
15.817724 50.0928541
15.8178652 50.0925111
15.8180654 50.091784
15.8181747 50.0915916
15.8183404 50.0913448
15.8186547 50.0909594
15.8190794 50.0906171
15.8194782 50.0904356
15.8200195 50.0902956
15.8206137 50.0901922
15.8218159 50.0901781
15.8219778 50.0901897
15.8228483 50.0902779
15.8233257 50.0902685
15.8236192 50.0902193
15.8239986 50.090068
15.8247317 50.0896156
15.8251301 50.0893058
15.8256595 50.0888197
15.8258498 50.0883848
15.8258634 50.0879227
15.8259437 50.0876064
15.8262228 50.0873761
15.8264723 50.0873038
15.8266741 50.0872838
15.8270658 50.0872697
15.8275752 50.0873073
15.8283793 50.087503
15.830135 50.0881294
15.8305699 50.0881808
15.8311025 50.0881576
15.8317326 50.0880533
15.8321475 50.087922
15.8326292 50.087741
15.8332545 50.0874324
15.8350002 50.0868628
15.8356476 50.0866194
15.8360375 50.0864303
15.836449 50.0862582
15.837028 50.0859232
15.8375362 50.0855517
15.8379306 50.0852026
15.8382067 50.0848009
15.8384923 50.0842981
15.8390572 50.0835638
15.8392088 50.0834116
15.8396398 50.0828198
15.8403402 50.0811957
15.8405672 50.0808252
15.8408099 50.0805333
15.8414694 50.0799512
15.8427191 50.0789511
15.8443143 50.0770279
15.844633 50.0764186
15.844794 50.0759175
15.8448085 50.0755561
15.8447403 50.0753612
15.8446032 50.0751614
15.8441342 50.0747823
15.8432007 50.0743215
15.8411882 50.0735757
15.839775 50.0727012
15.8391412 50.0722696
15.8381956 50.0716638
15.8366494 50.0707776
15.8354457 50.0702755
15.8344267 50.0699998
15.8306858 50.0693866
15.8295186 50.0691407
15.8283131 50.0690478
15.8269334 50.0690864
15.8259145 50.0692441
15.8237085 50.0696897
15.8231684 50.0696667
15.8221264 50.0694137
15.8213285 50.069136
15.8204943 50.0687812
15.819845 50.0683049
15.8195115 50.0680024
15.8192953 50.0677089
15.8191982 50.0675534
15.8190936 50.0672262
15.8191025 50.0670433
15.8191584 50.0668255
15.8193452 50.0664774
15.8199736 50.0660545
15.8203586 50.0658568
15.8206238 50.0656798
15.8208184 50.0654768
15.8209243 50.0652093
15.8211878 50.064223
15.821307 50.0639513
15.8214813 50.0636919
15.8223788 50.0625849
15.8226189 50.0623589
15.822807 50.0621228
15.8229387 50.0617837
15.823011 50.0614249
15.8229825 50.0611024
15.8229093 50.0608138
15.8226802 50.060141
15.8222433 50.0595668
15.8205947 50.0586737
15.819811 50.058318
15.8190167 50.0580566
15.8187715 50.0579759
15.8173079 50.057552
15.8141908 50.0567573
15.813385 50.0565033
15.8111528 50.0558841
15.8096575 50.0555515
15.8082298 50.0554303
15.8065861 50.0554065
15.8055256 50.0554822
15.8008634 50.0557968
15.7959383 50.0560231
15.7949276 50.0559776
15.7941936 50.0558622
15.7926201 50.0555397
15.7922846 50.0554374
15.7914767 50.0551449
15.7904005 50.0546254
15.7898938 50.0543157
15.7888481 50.0535623
15.7881855 50.0528054
15.7876697 50.0519945
15.7868526 50.0503076
15.7864197 50.0494868
15.7859065 50.0486891
15.7856885 50.0484024
15.7853718 50.0480739
15.7846075 50.0475045
15.7835494 50.0468812
15.7825255 50.0464327
15.7814617 50.0460738
15.7797779 50.0456852
15.7766187 50.0447709
15.7750144 50.0443007
15.774543 50.0441786
15.7724141 50.043614
