15.8182505 50.4246943
15.8188721 50.4244931
15.819458 50.4242932
15.8199107 50.4242375
15.820654 50.4241947
15.8212275 50.4242431
15.8218408 50.4244065
15.8221471 50.424508
15.8224134 50.4245806
15.822528 50.4245866
15.8227426 50.424525
15.8230132 50.4243769
15.8231659 50.4242424
15.8233459 50.4240292
15.8236261 50.4233097
15.823618 50.4230695
15.8235325 50.4228083
15.823299 50.4225062
15.823151 50.4224278
15.8228242 50.4223412
15.8224382 50.4222936
15.8221507 50.422163
15.8219867 50.4219571
15.8219984 50.4217978
15.8220524 50.4216492
15.8223744 50.4214537
15.8226949 50.4213573
15.8229872 50.4213452
15.8232629 50.4213161
15.8235293 50.4211954
15.8238934 50.4208472
15.8242448 50.4203071
15.8244199 50.4201872
15.8246164 50.420149
15.8251155 50.4202995
15.825593 50.4204625
15.8260086 50.4205138
15.8263286 50.4204972
15.8266143 50.420433
15.8274406 50.4200572
15.8278747 50.4199476
15.8286636 50.4199032
15.8289706 50.4199304
15.8298063 50.4201954
15.8302981 50.4202773
15.8307855 50.4202958
15.8312782 50.4202737
15.8315975 50.4202097
15.8319733 50.4200802
15.8325287 50.4198031
15.8328721 50.4197185
15.8341717 50.4199315
15.8352636 50.4204001
15.8358021 50.4205464
15.8362237 50.4207125
15.8368108 50.421059
15.8372611 50.4211241
15.8374134 50.4210868
15.8375737 50.4209187
15.8377593 50.4205473
15.8380307 50.4202702
15.8385462 50.4199489
15.8388792 50.4197919
15.8396284 50.4195377
15.8397653 50.4194174
15.8398257 50.4188383
15.8399543 50.4187147
15.8402181 50.4187057
15.8404023 50.4187539
15.8417915 50.4193158
15.8421759 50.4194515
15.8423562 50.4194464
15.8428026 50.4193192
15.8431021 50.4191454
15.8433471 50.4189592
15.8435054 50.4187425
15.8433501 50.4185357
15.8430051 50.4183328
15.8429898 50.4182723
15.843042 50.4182045
15.8431976 50.4181138
15.8434542 50.4180791
15.8440073 50.4181486
15.844593 50.4183442
15.8447316 50.4184688
15.844958 50.4187922
15.8452335 50.418922
15.8462433 50.4192375
15.8463915 50.419351
15.846441 50.4195019
15.8463104 50.4198433
15.8459634 50.4205537
15.8457947 50.4206914
15.8451775 50.4208508
15.8450129 50.4209189
15.8449681 50.4209828
15.8448883 50.421334
15.8451362 50.4216561
15.845398 50.4219339
15.8455073 50.4219976
15.8457482 50.422029
15.84648 50.4218481
15.8468473 50.4217888
15.8471592 50.4218414
15.8475987 50.4220085
15.8478676 50.422121
15.8487212 50.4221441
15.8489505 50.4223344
15.8490564 50.422565
15.8489104 50.4230564
15.8490018 50.4232113
15.8491461 50.4232735
15.8492966 50.4233389
15.8494657 50.4233635
15.84985 50.423353
15.8510286 50.4230959
15.8526526 50.4226148
15.8531231 50.4224332
15.8535203 50.422203
15.8536233 50.4221003
15.8537012 50.4219051
15.8536503 50.4217063
15.8532017 50.421379
15.8530117 50.4211948
15.8528777 50.4209587
15.8528732 50.4206982
15.8529387 50.419505
15.8528687 50.4188025
15.8528879 50.4186855
15.8530763 50.4185836
15.8532527 50.4184211
15.8535817 50.4182053
15.8537248 50.417866
15.8537778 50.4176141
15.8538974 50.4173479
15.8539991 50.4171404
15.8540431 50.4169719
15.8542964 50.4167693
15.8549388 50.4165298
15.8551391 50.4163665
15.855186 50.4161487
15.8551281 50.4159506
15.8549104 50.4156772
15.8546707 50.4154865
15.8543819 50.4152781
15.8533375 50.4151284
15.8531794 50.4150796
15.8529896 50.4149586
15.8529405 50.4147308
15.8529867 50.4145761
15.8531127 50.414432
15.8535747 50.4141551
15.8540335 50.414029
15.8546494 50.4139598
15.8549977 50.4139015
15.8555748 50.4137084
15.8561955 50.4134865
15.8565941 50.4132732
15.8567712 50.4131908
15.8577352 50.4127624
15.858151 50.4125445
15.8584037 50.412355
15.8589505 50.4118596
15.859619 50.4113285
15.859802 50.4110739
15.8598934 50.4107442
15.8598175 50.4103995
15.859854 50.4100651
15.85966 50.409844
15.8596634 50.4095765
15.859791 50.4094275
15.8600416 50.4093249
15.8606338 50.409108
15.8612204 50.4089265
15.861783 50.4088401
15.8619635 50.408849
15.8621182 50.4088883
15.8623102 50.4089946
15.8624306 50.4091302
15.8624647 50.4093934
15.8623854 50.4102011
15.8623969 50.4103679
15.8624647 50.4105289
15.8627871 50.410726
15.8630561 50.4107774
15.8633534 50.4107494
15.8639821 50.4106086
15.8644156 50.4104204
15.8645752 50.4103057
15.8647355 50.409969
15.8647962 50.4097427
15.8647261 50.4093853
15.8646218 50.4090474
15.8643951 50.4086908
15.8638111 50.4080203
15.8636536 50.4079074
15.8633952 50.407786
15.8626125 50.4075577
15.8623465 50.4074459
15.862181 50.4073128
15.8621336 50.4071895
15.8621906 50.4069822
15.8625926 50.4063594
15.8630202 50.4054125
15.863186 50.4049665
15.863381 50.4047301
15.863801 50.4044831
15.8647462 50.4041743
15.8649525 50.4039947
15.8661442 50.4032091
15.8667457 50.402899
15.8671867 50.4027748
15.8678331 50.4025276
15.8691045 50.4019653
15.8694605 50.4017958
15.86978 50.4016241
15.8700187 50.4015126
15.8701996 50.4014387
15.870332 50.4012377
15.8703833 50.4008699
15.8705642 50.4006745
15.8706812 50.4005804
15.8708117 50.4003959
15.8707514 50.399913
15.8707604 50.3994277
15.8708151 50.39916
15.870974 50.398923
15.8716272 50.3984965
15.8722323 50.3978987
15.8726398 50.3975728
15.873168 50.3974253
15.8736696 50.3973769
15.8745186 50.3972613
15.8750589 50.3973318
15.8758511 50.3976033
15.877291 50.3982241
15.8785471 50.3985695
15.8792104 50.3989522
15.8798577 50.3993292
15.8803916 50.3995133
15.8808598 50.3996851
15.8812671 50.3997877
15.8815995 50.399809
15.8826722 50.3999323
15.8841545 50.3999036
15.8846405 50.3999288
15.885138 50.4000155
15.8858423 50.4002247
15.8869878 50.4002867
15.8874415 50.4003226
15.8881904 50.4007077
15.8886136 50.4007729
15.8895705 50.400691
15.8911719 50.4004736
15.8928384 50.4001674
15.8933067 50.4000193
15.8934543 50.3998944
15.8935205 50.3997073
15.8935842 50.3994728
15.893599 50.3988361
15.893674 50.3986351
15.8938496 50.398305
15.8945711 50.3978124
15.8952104 50.3971349
15.8954154 50.3969904
15.8965235 50.3964986
15.896784 50.396291
15.8970225 50.3959003
15.8970828 50.3953185
15.8971922 50.394978
15.8974197 50.3945996
15.8975836 50.3944896
15.8979738 50.394242
15.8987749 50.3939861
15.8998391 50.393762
15.9004055 50.3934691
15.9006212 50.3933133
15.9007648 50.3931529
15.9008124 50.3926394
15.9007112 50.3923932
15.900718 50.3922609
15.9008068 50.3921453
15.9010358 50.3919717
15.9017583 50.3916773
15.9026961 50.3912203
15.9030233 50.3911103
15.9036423 50.3909875
15.9038752 50.3908975
15.903997 50.3908075
15.9041928 50.3906334
15.9044475 50.3902813
15.9046202 50.3899265
15.9047845 50.3893006
15.9048961 50.388998
15.9050961 50.3888147
15.9060221 50.388726
15.9063469 50.3886149
15.9070427 50.3882185
15.9078998 50.3879578
15.9089917 50.3877987
15.9109173 50.3876832
15.9114393 50.3875958
15.91188 50.3874318
15.9122665 50.3872026
15.912483 50.3869951
15.9126437 50.386759
15.9128178 50.38631
15.912995 50.3856233
15.9131479 50.3853697
15.9135709 50.3850825
15.9154473 50.3843551
15.915851 50.3841176
15.916121 50.3840034
15.9165175 50.3839171
15.9170073 50.3838937
15.9177228 50.3840295
15.9181895 50.384163
15.9186316 50.3843509
15.9188831 50.384419
15.9191147 50.3844153
15.9193418 50.3843286
15.9194434 50.3842541
15.9195947 50.3840379
15.9196436 50.3839619
15.9197099 50.3836807
15.919691 50.3834036
15.9196507 50.3832434
15.9195438 50.3830267
15.9188988 50.3822075
15.9187924 50.3820107
15.9187481 50.3817729
15.9187828 50.3815034
15.918895 50.3812116
15.919068 50.3809479
15.9195177 50.3805212
15.9202434 50.3801752
15.9205627 50.3799141
15.9207214 50.3798795
15.9211193 50.3798285
15.9213854 50.37976
15.9215075 50.3796438
15.9215707 50.3793387
15.9215637 50.3788822
15.9215292 50.3786308
15.9213842 50.3782744
15.9213884 50.3782532
15.9215951 50.3772552
15.9218544 50.3766559
15.922138 50.3763647
15.9224177 50.3762523
15.9235287 50.3760181
15.9239295 50.3758462
15.9240559 50.3757413
15.924078 50.3756534
15.9239913 50.3755151
15.9237742 50.3753715
15.92283 50.3749401
15.9224412 50.3747971
15.9219488 50.3746262
15.9218131 50.3745425
15.9217846 50.3744524
15.9218387 50.3741751
15.9221022 50.3737798
15.9224722 50.3734937
15.9225508 50.3734038
15.9225982 50.3732844
15.9226248 50.3731237
15.9226101 50.3723108
15.9225113 50.3720785
15.9224021 50.3719355
15.9223786 50.371771
15.9224454 50.3715712
15.9227003 50.3711868
15.922834 50.3710431
15.9234644 50.3707559
15.9235447 50.3706878
15.9235909 50.3704816
15.9235643 50.3703187
15.9233138 50.3697782
15.9233626 50.3694963
15.923517 50.3690241
15.9235283 50.3683457
15.9234907 50.3679838
15.9232993 50.3672662
15.9233876 50.3670679
15.9236736 50.3667312
15.9238128 50.3664053
15.9236138 50.3660153
15.9234395 50.3657828
15.9232442 50.3656837
15.9225775 50.3654202
15.9225183 50.3653702
15.9224923 50.3653174
15.9227766 50.3648986
15.9228699 50.3646241
15.9228596 50.3645007
15.9227784 50.3642716
15.9225889 50.3638721
15.9223904 50.363626
15.9223246 50.3635951
15.9221788 50.3635584
15.9217919 50.3635273
15.9209879 50.3635555
15.9200374 50.3636411
15.9191253 50.3638516
15.9177843 50.3644447
15.9170141 50.3646857
15.9158755 50.3653118
15.9154465 50.3654811
15.9146691 50.3655301
15.9142542 50.3654681
15.9138927 50.3653709
15.9137126 50.3653518
15.9135143 50.365374
15.9133622 50.3654286
15.9127552 50.365894
15.9125886 50.3659871
15.9124617 50.3660301
15.9117087 50.366232
15.9114107 50.3664176
15.9112762 50.3665207
15.910842 50.3672216
15.9106102 50.3673229
15.9104169 50.3673527
15.9100119 50.367297
15.9097107 50.367184
15.9094899 50.3670408
15.9092903 50.3668423
15.9092626 50.3667961
15.9090934 50.3665137
15.9088719 50.3662483
15.9083703 50.3657731
15.9080512 50.3655551
15.9079181 50.3654186
15.9076363 50.3649467
15.9075461 50.3646394
15.9075566 50.3643435
15.9078786 50.3630046
15.9081209 50.362277
15.9082336 50.3615735
15.9083529 50.361283
15.9087015 50.3608199
15.909283 50.3601624
15.9099358 50.3595102
15.9102418 50.3593328
15.9108098 50.3590654
15.91129 50.3588906
15.9128885 50.3585406
15.9139384 50.3584034
15.9141992 50.3583862
