14.5935217 50.2371416
14.5925023 50.237353
14.5912605 50.2375287
14.5896583 50.2376502
14.5881529 50.2376251
14.5870971 50.2375585
14.5856188 50.2372738
14.5832853 50.2366214
14.5805756 50.2354924
14.5784429 50.2348149
14.5764607 50.2343884
14.5757579 50.2342982
14.5742779 50.2343131
14.5714966 50.2342849
14.5680805 50.2344135
14.56655 50.2346644
14.566 50.2347943
14.5658089 50.234843
14.5639155 50.2353167
14.5614684 50.2359678
14.5592737 50.2366967
14.5577683 50.2373491
14.5570156 50.2381018
14.5561625 50.2389047
14.5558614 50.2397828
14.5556858 50.2407865
14.5558865 50.2419406
14.5561876 50.242869
14.5567145 50.2441737
14.557194 50.2452055
14.5574056 50.2462792
14.5575174 50.2474856
14.5573888 50.2484297
14.5573669 50.2485394
14.5570156 50.2494427
14.5564887 50.2503208
14.5564163 50.2504299
14.5559367 50.2509983
14.5549833 50.2517761
14.554356 50.2522277
14.5531015 50.2528048
14.552123 50.2530808
14.5509688 50.2532564
14.5490368 50.2533568
14.5471049 50.2532313
14.5458693 50.2531174
14.5454489 50.2530808
14.5432409 50.2528801
14.5425329 50.2528417
14.5415266 50.2528166
14.5398788 50.252855
14.5387246 50.2530306
14.537445 50.2533819
14.5343087 50.2541597
14.531624 50.2548622
