15.7300787 50.4799279
15.7303205 50.4796532
15.7307566 50.4791578
15.7311702 50.4787593
15.7314289 50.4783989
15.7316772 50.4780178
15.7319601 50.4772992
15.7322037 50.4768396
15.7322396 50.4767771
15.7325383 50.476256
15.7328349 50.4758924
15.7330072 50.4753054
15.7329247 50.4749568
15.7327757 50.4746825
15.732744 50.4743899
15.7328238 50.4742445
15.733706 50.4734073
15.7342745 50.4729735
15.7347339 50.4726885
15.7352983 50.4721722
15.7354328 50.4719138
15.7355817 50.4710945
15.7358123 50.4706785
15.7370837 50.4693173
15.7380688 50.4684437
15.7385037 50.4679549
15.7388326 50.4674721
15.7390765 50.4669344
15.7394576 50.4657737
15.7401069 50.4650852
15.7412596 50.4643052
15.7434819 50.4630262
15.7444917 50.4619664
15.7458105 50.4607496
15.7464617 50.4602252
15.7472611 50.4596641
15.7480503 50.4592646
15.7490357 50.4586892
15.7493398 50.4584275
15.7497084 50.4581745
15.7508055 50.4575881
15.7513224 50.4574467
15.7529428 50.4569118
15.7553831 50.4566699
15.7591384 50.4570787
15.7610708 50.4570653
15.7638256 50.4573942
15.7641414 50.4574699
15.7644271 50.4576115
15.7645611 50.4577281
15.7646779 50.4578494
15.7647546 50.4580219
15.7646359 50.4582326
15.7643311 50.4584008
15.7637698 50.4588136
15.7637081 50.4588814
15.7637223 50.4590259
15.7638616 50.4591952
15.7640363 50.4593316
15.7643244 50.4594421
15.7645989 50.459452
15.7650753 50.4593388
15.7657286 50.4590666
15.7663572 50.4587016
15.7667405 50.4583963
15.7671984 50.4580917
15.7675689 50.4579225
