14.4912761 50.3060604
14.4918834 50.3065107
14.4923356 50.3068968
14.4933859 50.3077128
14.4947167 50.3088289
14.4949692 50.3093304
14.4954465 50.3102456
14.4956612 50.3117052
14.4954465 50.3127784
14.4950172 50.3134224
14.4942016 50.3145815
14.4931713 50.3154401
14.4921839 50.3164274
14.4910248 50.3174148
14.4897369 50.3187886
14.4885778 50.3203769
14.4879768 50.3217936
14.4877985 50.3233415
14.4877737 50.3247824
14.4884196 50.3263227
14.4892891 50.3276891
14.4903822 50.3295275
14.4912021 50.3310926
14.4916865 50.3326929
14.4918763 50.3342974
14.4918073 50.3354361
14.4916257 50.336136
14.4913415 50.3369543
14.4908239 50.3378514
14.4903581 50.3384897
14.4894092 50.3394731
14.4887019 50.3400079
14.4877012 50.3406635
14.4865453 50.3412501
14.4853204 50.341923
14.4848201 50.3421645
14.4834916 50.3426303
14.4826808 50.3429408
14.4817045 50.3434337
14.4809089 50.3439111
14.4799011 50.3443354
14.4790524 50.3448658
14.4782302 50.3452637
14.4771915 50.3460228
14.4755105 50.3470634
14.4743623 50.3475072
14.472837 50.3486003
14.4716533 50.3494478
14.4699291 50.3508167
14.4686741 50.3518661
14.4679204 50.3525313
14.4651769 50.3548339
14.4627764 50.3571855
14.4616033 50.3586215
14.4599349 50.3606639
14.4596072 50.3611144
14.4575833 50.3637993
14.4547418 50.3670327
14.4532231 50.3689924
14.4525739 50.3703185
14.4515574 50.3724707
14.4511165 50.3751163
14.4510185 50.3771739
14.4518023 50.3798194
14.4528312 50.3808972
14.4561886 50.385794
14.4577893 50.3885037
14.4580732 50.3888338
14.4588571 50.3911854
14.4588571 50.392998
14.4583671 50.3944678
14.4570934 50.3955946
14.4564716 50.3961998
14.4538376 50.3978847
