14.9373013 50.1709546
14.936764 50.1712861
14.9350982 50.1719308
14.9329946 50.1722401
14.9306237 50.1721845
14.9283541 50.1716214
14.9264361 50.1706314
14.9245033 50.1685252
14.9225272 50.1669882
14.9198924 50.1658538
14.9178797 50.1653415
14.9154644 50.1650853
14.9130858 50.1652683
14.9111829 50.1656708
14.9091702 50.1664393
14.9074502 50.1675371
14.9061657 50.1685967
14.9059864 50.1687448
14.9041933 50.1702086
14.9032954 50.1708116
14.9017781 50.1716723
14.899727 50.1722965
14.8969139 50.1726478
14.8937787 50.1723772
14.8908729 50.1715991
14.8903659 50.1714576
14.8877257 50.1707209
14.8858594 50.170172
14.8838467 50.1699524
14.8821268 50.169989
14.8802604 50.1705379
14.8780648 50.1711966
14.8775641 50.1713517
14.876418 50.1717089
14.8744207 50.172211
14.8725624 50.1724254
14.869357 50.1721274
14.8692074 50.1721235
14.8669883 50.1720651
14.8646196 50.1723456
14.8639386 50.172547
14.8632482 50.1727819
14.8617522 50.1733429
14.858168 50.1754
14.8541474 50.1780492
14.8505008 50.1801685
14.8487866 50.1806672
14.8451401 50.1808542
14.8414 50.1809477
14.8381586 50.1810101
14.8360081 50.1809477
14.8341069 50.1806049
14.8321745 50.1797945
14.8299928 50.178579
