14.1881388 50.6861974
14.1900906 50.6867365
14.1908965 50.6871614
14.1919114 50.6877611
14.1933303 50.6885995
14.1934633 50.6886781
14.1970308 50.6908658
14.1975856 50.691206
14.1994786 50.6928419
14.2003093 50.6934775
14.2008604 50.6949534
14.2008542 50.6955567
14.2007357 50.6959894
14.2003191 50.6971201
14.199919 50.6982061
14.1996916 50.6992524
14.1995301 50.6999951
14.1987523 50.7010451
14.1977751 50.7020846
14.1974105 50.7025494
14.1970201 50.7030643
14.1969257 50.7032456
14.19667 50.705008
14.1963411 50.7083953
14.1963022 50.7123231
14.1963021 50.7123921
14.1962803 50.7131458
14.1961663 50.7134539
14.1961005 50.7136319
14.1955527 50.7144152
14.1951258 50.7149584
14.1947285 50.7154963
14.1934244 50.7172621
14.1903342 50.7211004
14.187688 50.7246118
14.1874013 50.7250636
14.1868154 50.7262308
14.186661 50.7270194
14.1866206 50.727226
14.1861625 50.7285197
14.1857242 50.7298235
14.1854439 50.730321
14.1854012 50.730394
14.1853312 50.7305623
14.1853246 50.7305781
14.1852201 50.7307565
14.1827686 50.7336736
14.1824304 50.7344663
14.1823482 50.7346588
14.1821288 50.7357138
14.1821349 50.7364236
14.1824186 50.7383015
14.1826794 50.7388926
14.1830019 50.7396238
14.1831186 50.7406349
14.182655 50.7423349
14.1823019 50.7436294
14.182263 50.7454572
14.182421 50.7465985
14.1825712 50.7472223
14.183336 50.7487601
14.1837527 50.7493508
14.1847733 50.7506918
14.1853252 50.75116
14.1865798 50.7522241
14.1884076 50.7533519
14.188588 50.7534462
14.1901697 50.7542724
14.1910132 50.754713
14.1925769 50.7553834
14.1991023 50.7582131
14.2024468 50.7596131
14.2031428 50.7599713
14.203997 50.7604107
14.2040366 50.7604358
14.2059069 50.7616224
14.2091212 50.7639261
14.2093692 50.7641966
14.2109248 50.7658355
14.2114791 50.7666762
14.2117415 50.7676244
14.2117632 50.7685774
14.2115081 50.7694133
14.2109062 50.77057
14.2098279 50.771564
14.2080103 50.7732642
14.2061052 50.7750823
14.2057177 50.7757009
14.2055193 50.7763565
14.2054908 50.7774436
14.2057411 50.7782064
14.2065322 50.7793377
14.2075862 50.7809063
14.2077693 50.7811788
14.2083237 50.7819947
14.2087858 50.7826748
14.2098772 50.7836749
14.2106481 50.7842144
14.2121693 50.7848915
14.2144344 50.7855344
14.2184305 50.7864471
14.2197201 50.7867334
14.2208806 50.7869915
14.2238751 50.7876916
14.2265013 50.7884952
14.2270252 50.7887416
14.2290611 50.7898238
14.231303 50.7912694
14.2335587 50.7929417
14.2339082 50.7932727
14.2354254 50.7946917
14.23646 50.7971109
14.2364666 50.7976044
14.2369749 50.7987892
14.2370114 50.7996274
