15.5727143 50.044503
15.5720971 50.0447476
15.5714095 50.0449186
15.569838 50.0452181
15.5690931 50.0452777
15.56822 50.045277
15.5672325 50.0451828
15.5651544 50.0446503
15.5638915 50.0444203
15.5624164 50.0443342
15.5613615 50.0443699
15.5608987 50.0444233
15.5598932 50.0446263
15.5590895 50.0448532
15.5572537 50.0456369
15.5566476 50.0458576
15.5554187 50.0462102
15.5545369 50.0463449
15.5529578 50.0464267
15.552355 50.0464709
15.5515049 50.0465417
15.5511079 50.0466165
15.5503084 50.0468645
15.5499439 50.0470187
15.5493588 50.0473099
15.548505 50.0478395
15.5481095 50.0480187
15.5476814 50.0481614
15.546543 50.0484504
15.5459709 50.0485239
15.5452284 50.0485544
15.544329 50.0484943
15.5419513 50.0479262
15.5405944 50.0476476
15.5396869 50.0475286
15.5394872 50.0475172
15.5373866 50.0475503
15.536067 50.0476584
15.5350778 50.0477849
15.5334879 50.0480731
15.5327166 50.0481593
15.5316399 50.0481871
15.5307226 50.0481114
15.529771 50.0479545
15.5288916 50.0477085
15.5280162 50.0473911
15.5251893 50.0462
15.5245723 50.046027
15.5238731 50.0458851
15.5232796 50.0458122
15.5203002 50.0456029
15.5195839 50.0454573
15.5188277 50.0452501
15.5179746 50.0449086
15.5176223 50.0446747
15.5168713 50.0441398
15.5164752 50.0437493
15.5160826 50.0432266
15.5157997 50.0427166
15.5153725 50.0417216
15.5151635 50.0414389
15.5146098 50.0408846
15.513972 50.0404388
15.5132379 50.0400898
15.5124712 50.0398786
15.5116096 50.0396921
15.5107747 50.03961
15.5099847 50.0396358
15.5091923 50.0397557
15.5074539 50.0401199
15.5058226 50.0403292
15.5050963 50.0403463
15.5045379 50.0403187
15.5028294 50.040165
15.5020618 50.0402039
15.501027 50.0403254
15.5002876 50.0405201
15.4996419 50.0407637
15.498915 50.0411629
15.4983484 50.0416329
15.4978616 50.042216
15.4970967 50.0437408
15.4970776 50.043766
15.4967131 50.0442482
15.4955913 50.0450965
15.4947429 50.0455089
15.4941684 50.0456802
15.4928137 50.0458858
15.4918963 50.0459416
15.4917627 50.0459357
15.4913864 50.0459192
15.4891107 50.0456966
15.4882626 50.0456996
15.4874295 50.0457379
15.4865885 50.0458177
15.4841481 50.0460978
15.4824974 50.0460575
15.4821867 50.0460237
15.4810976 50.0458323
15.479198 50.0453229
15.4779294 50.0450134
15.4768917 50.0449143
15.4758851 50.044905
15.4751826 50.0449592
15.4736019 50.0453527
15.4716332 50.0462645
15.4704927 50.0466439
15.4696504 50.0468219
15.4690201 50.0468918
15.4680655 50.0469468
15.4658415 50.0467762
15.4647149 50.046643
15.4638733 50.0466009
15.4628026 50.0465961
15.4619001 50.046651
15.4605058 50.0468586
15.4598398 50.0470164
15.4596735 50.0470679
15.4591235 50.0472631
15.4561763 50.0481708
15.4549956 50.0483771
