15.6883463 50.04203
15.6877403 50.0421544
15.6858125 50.0424572
15.6834937 50.0429667
15.6818908 50.0434294
15.6796297 50.0442289
15.6785885 50.0446652
15.6777028 50.0450111
15.6764755 50.0454798
15.6749956 50.045911
15.6744465 50.0460207
15.6730732 50.0461407
15.6724795 50.046117
15.6715029 50.046021
15.670307 50.0458072
15.6688169 50.0454598
15.6681032 50.045338
15.6669056 50.0452706
15.6664573 50.0452873
15.6653937 50.0454051
15.6646727 50.0455317
15.6629172 50.0459972
15.6620687 50.0461821
15.6614739 50.0462756
15.6608988 50.0463384
15.6597721 50.0463395
15.6589965 50.0462893
15.6583983 50.0461519
15.6575194 50.0458696
15.6567981 50.0455462
15.6565129 50.0453782
15.655855 50.0449732
15.6549306 50.0441138
15.654156 50.0436063
15.6530804 50.0430691
15.6521707 50.042759
15.6511327 50.0424992
15.6503475 50.0423716
15.6493545 50.0422794
15.6471647 50.0422616
15.6468336 50.0422885
15.6455441 50.0422467
15.6434671 50.0419274
15.6425241 50.0417107
15.6413356 50.0413318
15.6400982 50.0408217
15.6395269 50.0405187
15.6390193 50.0401984
15.6387564 50.0400142
15.6381574 50.0395712
15.63731 50.0387691
15.636881 50.0383095
15.636285 50.0373907
15.6356929 50.0364798
15.6353129 50.0359765
15.6343395 50.0349554
15.6334791 50.0342753
15.6329928 50.0339418
15.6319743 50.033368
15.6315434 50.0332016
15.6308716 50.0329783
15.6300308 50.0327403
15.6284512 50.0323624
15.6277726 50.0322603
15.6262536 50.0321257
15.6248749 50.0321264
15.6237241 50.0321461
15.622699 50.0322474
15.6198706 50.0328525
