15.3076873 50.0236811
15.3049349 50.0230202
15.3031465 50.0229142
15.3014163 50.0231191
15.2997916 50.0236613
15.2989329 50.0241404
15.2970936 50.0249703
15.2957597 50.0253047
15.2941603 50.0255602
15.292922 50.0254845
15.2912632 50.025236
15.2873969 50.0241292
15.2869399 50.0240529
15.285716 50.0239486
15.2813749 50.0238206
15.2804497 50.0236566
15.2788283 50.0231718
15.2770303 50.0220809
15.2764071 50.0218278
15.2750138 50.0212574
15.2733184 50.0207415
15.271915 50.0203104
15.2688807 50.0184083
15.2676232 50.0178802
15.2661459 50.0174952
15.2651939 50.017355
15.263918 50.0173746
15.2624507 50.0175173
15.2586137 50.0185639
15.2570483 50.0188882
15.256552 50.0189892
15.2555938 50.0191238
15.2553219 50.0191513
15.2529702 50.0193337
15.2507955 50.0191392
15.2488877 50.0188218
15.2473678 50.0184544
15.2449347 50.0175895
15.2427763 50.0169674
15.2412343 50.0168751
15.2401936 50.0168948
15.2385192 50.0171553
15.2368989 50.0176382
15.2361847 50.0180244
15.2355085 50.0184402
15.2349182 50.0189252
15.233901 50.0199622
15.232747 50.0209665
15.2319119 50.0215073
15.2306205 50.0222028
15.2290453 50.022752
15.2268331 50.0233055
15.2246495 50.0239186
15.2241664 50.0241493
15.2227541 50.024831
15.2223162 50.0250868
15.2211784 50.0258425
15.2199604 50.0267998
15.2183717 50.0277945
15.2177956 50.0280546
15.2159571 50.0284719
15.2137659 50.0288342
15.2117457 50.0290932
15.2110405 50.0291707
15.2097252 50.0292588
15.2096317 50.0292479
