16.68245 48.9050014
16.6823006 48.9052248
16.682176 48.9053788
16.6819171 48.9056331
16.681729 48.9057766
16.68151 48.9059078
16.6812338 48.9060533
16.6805861 48.9063494
16.6799757 48.9066249
16.6780961 48.9074803
16.6777323 48.907643
16.6775491 48.9077045
16.6773637 48.9077566
16.6771827 48.9077906
16.6768629 48.9078229
16.6766536 48.907823
16.6764373 48.9078076
16.676239 48.9077782
16.6759341 48.9077069
16.674499 48.9073125
16.6733813 48.9069831
16.6725765 48.9067327
16.6723406 48.9066597
16.671896 48.9064781
16.6713184 48.9062307
16.6710715 48.9061099
16.6704971 48.9058308
16.6699753 48.9055431
16.6693085 48.9051216
16.6687745 48.9047551
16.6677645 48.9040382
16.6664321 48.9030992
16.66599 48.9027858
16.6654642 48.9024228
16.665288 48.9023079
16.6650633 48.9021828
16.6647259 48.9020104
16.664214 48.9017818
16.6638251 48.9016416
16.6635441 48.9015474
16.6635024 48.9015426
16.6630931 48.9014242
16.6627111 48.9013394
16.6621229 48.9012363
16.6615307 48.9011711
16.6613759 48.9011664
16.6609641 48.9011442
16.6605229 48.9011435
16.6598927 48.9011664
16.6591869 48.9012109
16.6585372 48.9012524
16.6582239 48.901271
16.6575998 48.9013124
16.6572382 48.9013337
16.657214 48.9013147
16.6571513 48.9013078
16.6568795 48.9013337
16.6568672 48.9013449
16.6561046 48.9013909
16.6546972 48.9014789
16.6533401 48.9015576
16.6518109 48.9016421
16.6498646 48.9017641
16.6496442 48.9017788
16.6495239 48.9017919
16.64946 48.9018018
16.6493479 48.901831
16.6492638 48.9018623
16.649176 48.9019
16.6490711 48.901945
16.6489957 48.9019757
16.6489143 48.9019938
16.6488194 48.9019959
16.6483081 48.9019707
16.6482479 48.9019807
16.6476525 48.9019932
16.6474255 48.9019942
16.6473566 48.9019867
16.6469912 48.9019042
16.6468239 48.9018682
16.6467966 48.9018827
16.6467854 48.9019036
16.6467105 48.9019249
16.6466753 48.9019383
16.6466331 48.901956
16.646562 48.9019588
16.6463887 48.9019507
16.6457651 48.9018159
16.6452622 48.9016538
16.6449523 48.9015142
16.6447272 48.9014012
16.6444972 48.9012602
16.6442395 48.9010641
16.6439984 48.900845
16.6438071 48.9006504
16.6436816 48.9004713
16.6435519 48.9002101
16.6434836 48.9000215
16.6433632 48.8996976
16.643316 48.8994203
16.6433174 48.8992546
16.6433204 48.8991087
16.6433742 48.8985751
16.643426 48.8982901
16.6434602 48.8980808
16.6434999 48.8979608
16.6435371 48.8978083
16.6436312 48.8974229
16.6437105 48.8971465
16.6437884 48.8969009
16.6438793 48.8966055
16.6439359 48.8964685
16.6439986 48.8962417
16.6440666 48.8959559
16.6441395 48.8956437
16.6442627 48.8952627
16.6443518 48.8949281
16.6443989 48.8947864
16.6445176 48.8944864
16.6445041 48.8944424
16.6444057 48.8944178
16.6444519 48.8942126
16.6444712 48.8940432
16.6444858 48.8938277
16.6444791 48.8936578
16.6444633 48.8934854
16.6444055 48.8931941
16.6443167 48.8929174
16.6444502 48.8928978
16.644465 48.8928737
16.6445006 48.8928464
16.6445647 48.8928317
16.6446494 48.8928051
16.6448797 48.8927461
16.6449873 48.8927145
16.6450373 48.8926839
16.6450216 48.8926677
16.6452403 48.8925589
16.6454495 48.8924488
16.6462071 48.8920305
16.646893 48.8916634
16.6473917 48.8913936
16.6478498 48.891155
16.6480524 48.8910409
16.6489535 48.8905575
16.6513794 48.8892523
16.65164 48.8891179
16.6518683 48.8889923
16.6520702 48.888885
16.6524267 48.8886994
16.6524526 48.8886872
16.6524701 48.8887
16.6526225 48.8886234
16.652689 48.88858
16.6527651 48.8885379
16.6528318 48.8885349
16.6529247 48.8884872
16.6530784 48.8884519
16.6531889 48.8884365
16.6533453 48.888338
16.6535324 48.8882301
16.6537115 48.8881288
16.6539539 48.8879266
16.6540413 48.8879231
16.6541086 48.8878988
16.6541063 48.8878481
16.6541158 48.8878244
16.6541484 48.8877709
16.6542059 48.8877699
16.6542846 48.8877693
16.6544315 48.887709
16.6545064 48.8876492
16.6545731 48.8876073
16.6547323 48.8876021
16.6551606 48.8875138
16.6551392 48.8874688
16.6552903 48.8874381
16.6556475 48.887315
16.6560834 48.8871503
16.656755 48.8868717
16.6569854 48.8867854
16.6572774 48.8867078
16.6575737 48.886666
16.6578228 48.8866395
16.6581585 48.8866379
16.6585139 48.8866819
16.6589034 48.886728
16.6594304 48.8867672
16.6598616 48.8867585
16.660106 48.8867419
16.6603784 48.8866932
16.6606007 48.8866431
16.6607614 48.8865765
16.6610219 48.8864484
16.6612412 48.8863081
16.6613593 48.8862523
16.6615629 48.886146
16.6616914 48.8860878
16.6623405 48.8860544
16.6626612 48.886003
16.6632754 48.8858349
16.6640698 48.8855571
16.6645712 48.885385
16.6649986 48.8851568
16.6658055 48.8848425
16.6659698 48.8847482
16.6661461 48.8847005
16.6662617 48.8847234
16.6664138 48.8846855
16.6666334 48.8845502
16.6669315 48.8844115
16.6672375 48.8843829
16.6674296 48.884475
16.6675267 48.8845368
16.6676158 48.8846431
16.6676256 48.8848604
16.6676024 48.8849967
16.6675941 48.8853393
16.6676647 48.8855214
16.6676993 48.8855669
16.6677455 48.8855921
16.6678109 48.8856039
16.6678494 48.8855986
16.6678636 48.8853965
16.6679943 48.884613
16.6680921 48.8842528
16.668164 48.8841201
16.6683495 48.8839952
16.6687685 48.8838286
16.6691375 48.8837187
16.6695397 48.8836164
16.6700783 48.8835254
16.670363 48.8834747
16.6706103 48.8834359
16.6709535 48.8833923
16.6711581 48.8833222
16.6713799 48.8832305
16.6717571 48.8829825
16.672118 48.8827244
16.6723775 48.8825771
16.6725974 48.8824398
16.6727142 48.8823346
16.6728357 48.8821562
16.673035 48.8818827
16.673249 48.8816659
16.6737655 48.8812446
16.6742994 48.8807018
16.6745828 48.8804552
16.6746676 48.8803785
16.6748209 48.880299
16.6749588 48.8802551
16.6751487 48.8802078
16.6752507 48.8802002
16.6753501 48.8801976
16.6754749 48.8802351
16.6757597 48.8802834
16.6759207 48.8803064
16.6760306 48.8803494
16.6761563 48.8803256
16.6762975 48.8803759
16.6765129 48.8805069
16.6766499 48.8805978
16.6767469 48.8807168
16.6768873 48.8808328
16.6769941 48.8809138
16.6771103 48.880939
16.6771814 48.8809201
16.6772614 48.8808943
16.6773289 48.8808846
16.6775407 48.8809323
16.6776534 48.8809185
16.6777801 48.8808845
16.6780432 48.8807181
16.6782607 48.8805293
16.6785323 48.8802685
16.6787127 48.8800862
16.6788666 48.8799376
16.6790276 48.8798731
16.6791678 48.8798387
16.679309 48.8797863
16.6795151 48.8796688
16.6797212 48.8796219
16.6799601 48.8796006
16.6801989 48.8795466
16.6803616 48.8794767
16.6805172 48.8793766
16.6807174 48.8791574
16.6811169 48.878756
16.6812897 48.8786054
16.68138 48.878515
16.6813955 48.8784687
16.6813804 48.8784303
16.6812824 48.8783472
16.6811274 48.8782005
16.6810318 48.8780825
16.6809711 48.8780303
16.6809217 48.8780149
16.6808898 48.8780165
16.680869 48.8780284
16.6808605 48.8780497
16.6808803 48.8780962
16.6809715 48.8782202
16.6810285 48.8783227
16.6811506 48.8784812
16.6811403 48.8785447
16.6810076 48.8786732
16.6807929 48.8788412
16.6807056 48.8789349
16.6802478 48.8792543
16.6801521 48.879236
16.6799466 48.8791477
16.6797991 48.879107
16.6795762 48.8790556
16.6793979 48.8790175
16.6791364 48.878919
16.6791096 48.8789057
16.6790867 48.8788926
16.6789659 48.878818
16.678872 48.8787812
16.6787759 48.8787463
16.6785645 48.8785677
16.6784287 48.8783925
16.678389 48.8783388
16.678398 48.8783096
16.6784133 48.8782598
16.6784375 48.8781808
16.6784492 48.8780742
16.678494 48.8779657
16.6786096 48.8777647
16.6787654 48.8776771
16.6789188 48.877515
16.6788995 48.8774093
16.6790197 48.8772826
16.6791677 48.8771193
16.6793607 48.8769769
16.6794375 48.8768629
16.6794118 48.8768198
16.6795305 48.8767048
16.6799966 48.8762277
16.680326 48.8757898
16.6804969 48.8755411
16.6806587 48.8752158
16.6809292 48.8748947
16.6810892 48.8746701
16.6812235 48.8745102
16.681379 48.8743554
16.6815749 48.874177
16.6817618 48.8740522
16.6821352 48.8736918
16.6822213 48.8737301
16.6823196 48.8736615
16.6829716 48.8732937
16.6833434 48.8731826
16.6833926 48.8731595
16.683606 48.8731249
16.6837336 48.8731523
16.6838361 48.8731827
16.6840597 48.8732117
16.6845222 48.8732678
16.6848945 48.8732802
16.6854355 48.8732359
16.6860486 48.8730343
16.6875759 48.8723914
16.6902934 48.871227
16.6917934 48.8705787
16.6946907 48.8693893
16.6954968 48.8690421
16.6959606 48.8688867
16.6964052 48.8688202
16.6978695 48.8687132
16.7000114 48.8685545
16.7003034 48.8685331
16.7006493 48.8685029
16.7010206 48.8684706
16.7014445 48.8684344
16.7040153 48.8682398
16.7047679 48.8681317
16.7051719 48.8680498
16.7054321 48.8679732
16.7061336 48.8677099
16.7064089 48.8675588
16.7067746 48.8673539
16.7071874 48.8670404
16.7075125 48.8667321
16.7076839 48.8665185
16.7078133 48.866345
16.7079123 48.8661822
16.7079782 48.8660655
16.7080847 48.8658132
16.7081616 48.8655989
16.7082299 48.8652426
16.7082308 48.8649813
16.7082311 48.8648551
16.7081409 48.8645397
16.708089 48.8642564
16.7079953 48.8638348
16.7079303 48.8635728
16.7077571 48.8627871
16.7076427 48.862253
16.7075421 48.8617905
16.7074421 48.861332
16.7074082 48.8611423
16.7073885 48.8609335
16.7073983 48.8608034
16.7074358 48.860685
16.7075012 48.860448
16.7078487 48.860041
16.7088048 48.8589191
16.7088853 48.8587897
16.7092159 48.8584367
16.7104374 48.8568889
16.7108373 48.8564391
16.7110056 48.8562918
16.7111586 48.8562212
16.7113959 48.8561203
16.7116858 48.8560272
16.7121301 48.8559361
16.7123541 48.8559171
16.7127036 48.8558685
16.7132415 48.8558046
16.7148633 48.8556016
16.715166 48.8555639
16.7153637 48.8555448
16.7156567 48.8555615
16.7159427 48.8555934
16.716431 48.8556818
16.7171405 48.8558374
16.7176736 48.8559657
16.7179598 48.85603
16.7184807 48.8561374
16.7191809 48.8562949
16.7201196 48.8565043
16.7203893 48.8565853
16.7207096 48.8567015
16.7209595 48.8568473
16.7211409 48.8570019
16.7214335 48.8573594
16.721704 48.8577544
16.7218615 48.8580048
16.721953 48.8579596
16.7221455 48.8582202
16.722384 48.8585634
16.7222545 48.8585956
16.7224993 48.8589173
16.722562 48.8590409
16.7226959 48.8592033
16.7229568 48.8595876
16.7236361 48.860579
16.7237127 48.8607009
16.7237434 48.8607943
16.7240292 48.8612157
16.7241953 48.8614521
16.7242725 48.8615552
16.7243155 48.8616422
16.7243429 48.8617785
16.7243441 48.8619314
16.7243594 48.8620977
16.7243648 48.8622506
16.7243912 48.8623654
16.7244008 48.862416
16.7244133 48.8625514
16.724489 48.8628459
16.7245075 48.8629195
16.7246134 48.8631125
16.7246833 48.8632574
16.7247996 48.863452
16.7248631 48.8635559
16.7249294 48.8636616
16.7249888 48.8638583
16.7249687 48.8638973
16.7249882 48.8640242
16.725039 48.8644317
16.7250245 48.864566
16.7249991 48.8646458
16.7248787 48.864778
16.7247012 48.8649497
16.7246549 48.8650704
16.7246449 48.8651891
16.7246156 48.8655014
16.7245636 48.8656786
16.7245613 48.8658856
16.7246365 48.8660508
16.7247279 48.8661576
16.724806 48.8662654
16.7249932 48.86645
16.7252316 48.866712
16.7253279 48.8669733
16.7253413 48.8671014
16.7253825 48.8672641
16.7254318 48.8673453
16.7255493 48.8674697
16.7258714 48.8676385
16.7263007 48.8677199
16.7264264 48.8677613
16.7265578 48.8677983
16.7268581 48.8679085
16.7270621 48.8680133
16.7273326 48.8682042
16.7275581 48.8684406
16.7276118 48.868631
16.7276793 48.8688648
16.7276469 48.8689332
16.7275743 48.869009
16.7274789 48.8690608
16.7273826 48.8690757
16.727248 48.8690679
16.7271239 48.8691067
16.7269973 48.8691208
16.7267709 48.8690909
16.7265096 48.8690021
16.7262677 48.868924
16.7260529 48.8688966
16.7259331 48.8688892
16.7258094 48.8689017
16.72566 48.8689315
16.7255191 48.8689916
16.7254463 48.869057
16.7254054 48.8691302
16.7253672 48.8692201
16.7254062 48.8693439
16.725413 48.8694291
16.7254447 48.8696817
16.7253977 48.8699866
16.7253252 48.8700946
16.7251844 48.8702107
16.7251118 48.8702998
16.7249199 48.8704147
16.7246913 48.8706089
16.724476 48.8708491
16.7243453 48.8709783
16.7242053 48.8711648
16.7241773 48.8713301
16.7241829 48.8714569
16.724225 48.8715314
16.7243712 48.871646
16.724598 48.8717838
16.7246701 48.8718544
16.7248217 48.8719472
16.7249577 48.8720635
16.7251377 48.8722377
16.7252514 48.8723995
16.7253588 48.8725863
16.7254048 48.8727621
16.7251993 48.8729431
16.7251621 48.8729888
16.7251167 48.8730151
16.7250111 48.8729991
16.7249354 48.87299
16.7249173 48.8730018
16.7249296 48.8730321
16.7249732 48.8731251
16.7249855 48.8731892
16.7249386 48.8733628
16.7247934 48.8735514
16.7245017 48.873843
16.724369 48.8742177
16.7242904 48.8744403
16.7241446 48.8747503
16.7239297 48.8750178
16.7239147 48.8754319
16.7239667 48.875971
16.7239613 48.8761337
16.7239928 48.8763069
16.7239667 48.8764798
16.7240226 48.8768003
16.7241599 48.8770716
16.7242432 48.8772109
16.7244288 48.8773521
16.7247763 48.8777291
16.7249723 48.8781267
16.7250472 48.8783567
16.7251523 48.8785221
16.7251753 48.8786024
16.725332 48.8788861
16.7255182 48.8791053
16.7258402 48.8793387
16.7261415 48.8795036
16.7264849 48.8797092
16.7267767 48.8798812
16.7273372 48.8801545
16.7274538 48.8802304
16.7274983 48.8803369
16.7275081 48.8803884
16.7275314 48.8805538
16.7275442 48.8806851
16.7275352 48.8807157
16.7274097 48.8807908
16.7273297 48.880887
16.7272976 48.8809961
16.7272784 48.8811901
16.727292 48.8814171
16.7273526 48.8816362
16.7273355 48.8817652
16.7273599 48.8819125
16.7273842 48.8820177
16.7273782 48.8821265
16.7273825 48.8822937
16.7273508 48.8825836
16.7272508 48.8829485
16.7272144 48.8831795
16.7271598 48.8833517
16.7271455 48.8834541
16.7270831 48.8837651
16.7270332 48.8840015
16.7270292 48.8841007
16.7270042 48.8842713
16.7270141 48.8844475
16.7271153 48.8846847
16.7271965 48.8848048
16.7272703 48.8849121
16.7274434 48.8850788
16.727578 48.8851949
16.7277585 48.8853124
16.7279033 48.8853845
16.7279753 48.8854534
16.7280786 48.8855875
16.7279993 48.8857273
16.7276375 48.8861837
16.727524 48.8863285
16.7271717 48.8867924
16.7270711 48.8869355
16.7269741 48.8870198
16.7267294 48.8873607
16.7266196 48.8874903
16.7265369 48.8875359
16.726442 48.8875573
16.7263913 48.8875294
16.7261459 48.8874437
16.7257855 48.8872816
16.7255024 48.8871372
16.7253687 48.8870663
16.7251251 48.8869476
16.7249303 48.8868496
16.7247607 48.8867651
16.7241647 48.8864729
16.723874 48.8863686
16.7230727 48.8861691
16.7229584 48.8861369
16.72227 48.8859894
16.7217161 48.8858291
16.7213554 48.8857571
16.7203551 48.8855002
16.7199192 48.885426
16.718589 48.8852853
16.7179737 48.8852129
16.71767 48.8851675
16.7173394 48.8851118
16.7171533 48.8850939
16.7163818 48.8850245
16.7158056 48.8849576
16.7154457 48.8849076
16.7153035 48.8848696
16.7151288 48.8848747
16.7147405 48.884845
16.7145524 48.8848321
16.7142506 48.884858
16.7137182 48.8849195
16.7133456 48.8849687
16.7127346 48.8850455
16.7116886 48.8851773
16.7113224 48.8852111
16.7110339 48.8852464
16.7107584 48.8852676
16.7105388 48.8852746
16.7085072 48.8851571
16.7084161 48.8851425
16.7083665 48.8851024
16.708325 48.8850707
16.7082794 48.885064
16.7082349 48.8850751
16.7082009 48.8851022
16.708164 48.8851121
16.7080246 48.8851217
16.7076618 48.8851162
16.7071009 48.8850808
16.7066611 48.885039
16.7066097 48.8850269
16.7065712 48.8849896
16.7065482 48.8849676
16.7064842 48.8849548
16.7064274 48.8849818
16.7063913 48.8850207
16.7063165 48.8850337
16.7050776 48.8849511
16.704791 48.8849367
16.7046141 48.8849242
16.7044939 48.8849056
16.7041632 48.884834
16.7040542 48.8847909
16.7040309 48.8847583
16.7039628 48.8847439
16.7038964 48.884714
16.7038504 48.8847183
16.7037645 48.8848007
16.7036732 48.8848846
16.7036133 48.8849082
16.7035307 48.8849179
16.7034367 48.8849231
16.703155 48.8850319
16.7030184 48.8850815
16.7028864 48.8851453
16.7027009 48.8852642
16.7026108 48.8853785
16.7016894 48.8864891
16.7006259 48.8877373
16.700409 48.8880312
16.7001148 48.8883899
16.7000083 48.8885083
16.6998285 48.8887979
16.6997243 48.8889857
16.6997052 48.8890415
16.6995369 48.8898499
16.6994371 48.8904325
16.6993356 48.8909462
16.6991659 48.8917417
16.6990072 48.8925557
16.698957 48.8927166
16.6988392 48.8929257
16.6987042 48.8931557
16.6985296 48.8933558
16.6983824 48.8934845
16.698131 48.8936702
16.6979511 48.8937993
16.6975796 48.894029
16.697198 48.8942667
16.696797 48.8945226
16.6960197 48.895014
16.6951419 48.8955727
16.6941816 48.8962005
16.693807 48.8964392
16.6933609 48.8967188
16.693087 48.8968762
16.6928869 48.8969863
16.6928251 48.8970223
16.6926914 48.8970625
16.6923398 48.8971335
16.6915199 48.8972826
16.6908259 48.8974101
16.6898022 48.8976256
16.6894726 48.8976918
16.688009 48.8979846
16.6875554 48.8980802
16.6872047 48.898178
16.6869867 48.8982598
16.6866493 48.8984101
16.6864167 48.8985353
16.6862879 48.8986132
16.6860642 48.8987793
16.6858554 48.8989708
16.6856746 48.8991641
16.6855139 48.8993972
16.6853979 48.8995966
16.6851214 48.900124
16.6844877 48.901271
16.6842125 48.9017782
16.6839591 48.9022474
16.6827642 48.9044258
