18.4676186 49.454982
18.4672463 49.454921
18.466719 49.4548924
18.4657365 49.4548879
18.4654715 49.4549133
18.4649135 49.455048
18.4625177 49.4561765
18.4616557 49.4565096
18.4613778 49.4567029
18.4608502 49.457107
18.4605382 49.457351
18.4602209 49.4574447
18.459809 49.4574934
18.4594998 49.4575048
18.4591708 49.4575042
18.4583687 49.4574492
18.4581795 49.4574616
18.4580604 49.4575063
18.4579463 49.4575798
18.4575704 49.4579946
18.4573879 49.4582951
18.4571011 49.4589339
18.4569144 49.459268
18.456751 49.4594878
18.4564693 49.4597456
18.4562274 49.4598633
18.4551488 49.4602026
18.4546924 49.4602916
18.4541976 49.4603233
18.4536817 49.460298
18.4522243 49.460506
18.4518546 49.4605997
18.4516967 49.4607006
18.4515697 49.4608342
18.4515267 49.4609315
18.4514616 49.4610986
18.4513803 49.4617671
18.4513253 49.4619234
18.4511426 49.4620898
18.4508479 49.4622448
18.4507854 49.462358
18.450725 49.4626592
18.450652 49.4628202
18.4504558 49.4630912
18.4496162 49.463889
18.4494349 49.4640441
18.449284 49.4641256
18.4491025 49.4641349
18.4485627 49.4638565
18.4483931 49.4638051
18.4470285 49.4636388
18.4449317 49.463252
18.4446776 49.463219
18.444297 49.4632557
18.4441557 49.463326
18.4441159 49.4633511
18.4439445 49.4635197
18.4438879 49.4637518
18.44392 49.4639884
18.4441387 49.4642049
18.4449155 49.4646677
18.4449592 49.464829
18.4448978 49.4649048
18.4447662 49.46497
18.4443664 49.4650158
18.4435184 49.4650501
18.4429028 49.4651107
18.4424821 49.4652019
18.4419731 49.465376
18.4417769 49.4654874
18.441667 49.4655909
18.4416233 49.4657204
18.4416876 49.4660012
18.4416337 49.4661511
18.4414597 49.4662698
18.4409485 49.4664386
18.4404984 49.4665731
18.4402374 49.4666844
18.4401057 49.4668179
18.440105 49.4670159
18.4401827 49.4672057
18.4403508 49.4674187
18.440787 49.4678146
18.4414481 49.4683111
18.4416255 49.4684486
18.4416942 49.4686266
18.4415621 49.4687462
18.4411324 49.4689293
18.4406348 49.4691768
18.4405732 49.4692954
18.4406215 49.4695638
18.439977 49.4702766
18.4389251 49.471044
18.4382034 49.4715674
18.4381355 49.4719544
18.4380868 49.4722466
18.4379224 49.4723663
18.4377504 49.4726999
18.4377859 49.4730152
18.4375584 49.4732813
18.436471 49.4731617
18.4359403 49.4732928
18.4352984 49.4734719
18.4345785 49.4738645
18.4340278 49.4741581
18.4344521 49.4761097
18.434367 49.4804319
18.4338398 49.481344
18.4324465 49.482593
18.4303198 49.4841883
18.4288188 49.4855445
18.4274011 49.4866982
18.4264125 49.4886779
18.4259605 49.4901237
18.4256926 49.4905898
18.4256582 49.4910225
18.4261406 49.4917536
18.4256835 49.4925115
18.4248657 49.4932307
18.4239584 49.4941781
18.4236038 49.4949661
18.4237747 49.4956924
18.4241307 49.4963563
18.4251238 49.4978005
18.4250718 49.4986269
18.4246935 49.5003544
18.4230585 49.502558
18.4228689 49.5032711
18.4227795 49.5035314
18.4227085 49.504115
18.4227393 49.5042967
18.4227924 49.5044592
18.4229292 49.5047152
18.4230628 49.5049749
18.4238741 49.5056447
18.4240609 49.5064018
18.4243824 49.5067021
18.424864 49.5070829
18.4252608 49.5075642
18.4253247 49.5076853
18.4253765 49.5078998
18.4252896 49.5081257
18.4248897 49.5084319
18.4237755 49.5089715
18.4225259 49.5092021
18.4189101 49.5095491
18.41777 49.5097808
18.4173205 49.5102786
18.4172062 49.5105455
18.4178617 49.5114744
