18.3651653 49.5835873
18.3651591 49.5839676
18.3650779 49.5841379
18.3650045 49.5848342
18.3649834 49.5853112
18.3650248 49.5855075
18.365051 49.5857579
18.3650706 49.5860465
18.3651025 49.586182
18.3650795 49.5863874
18.3650487 49.586495
18.3652997 49.5875581
18.3653511 49.5877937
18.3654078 49.5884425
18.3655214 49.5890262
18.3656981 49.5897706
18.3659047 49.5903742
18.3660197 49.5909935
18.3660957 49.5916959
18.366191 49.5920175
18.3664985 49.5927535
18.3666133 49.5931495
18.3667598 49.5935349
18.3667287 49.593899
18.3666769 49.5946679
18.3662397 49.5955153
18.3655289 49.5965708
18.3652066 49.5969126
18.3649174 49.597222
18.3644445 49.5976464
18.3636921 49.5984174
18.3633635 49.5987461
18.3630442 49.5990537
18.362393 49.599808
18.3620456 49.6004136
18.3619437 49.6006692
18.3619047 49.6011539
18.3619161 49.6013508
18.3619134 49.601653
18.3620464 49.6028007
18.3620564 49.6029598
18.3620416 49.6031227
18.3619414 49.6038566
18.3615558 49.6049642
18.3612926 49.6053563
18.3602225 49.6063456
18.359277 49.6071706
18.3591418 49.6073284
18.3586854 49.6077749
18.3584425 49.6080314
18.3580461 49.6084785
18.3577945 49.6091051
18.3577039 49.6094989
18.3577256 49.6101684
18.3578433 49.610719
18.3579742 49.6111106
18.3579847 49.6115114
18.3578494 49.6121537
18.3574209 49.6128351
18.3568793 49.6135721
18.3562649 49.61418
18.355823 49.6146423
18.3556163 49.6150357
18.3554332 49.6158519
18.3553741 49.616525
18.3555018 49.6171421
18.3555962 49.6176261
18.3558165 49.6181111
18.3560806 49.6186195
18.3563193 49.6190367
18.3570884 49.6196973
18.3573173 49.6199018
18.3582436 49.6206895
18.3582924 49.6207341
18.358544 49.6209611
18.3609122 49.623098
18.3617623 49.6237935
18.3626739 49.6246308
18.363119 49.6251389
18.3636899 49.6258987
18.364448 49.6273575
18.364714 49.6279955
18.3649006 49.6286292
18.3650181 49.6298132
18.3649152 49.630308
18.3646446 49.6317164
18.3643296 49.6329459
18.3641344 49.6341223
18.3640704 49.6347695
18.3641066 49.6358947
18.364215 49.6366337
18.3642044 49.6371605
18.3643438 49.6377197
18.3644436 49.6381202
18.3645495 49.6384297
18.3647909 49.6389865
18.3650143 49.6392581
18.3652313 49.6395641
18.3660683 49.6399332
18.3663304 49.6401548
18.3665409 49.640627
18.3667293 49.6409706
18.3667776 49.6412859
18.3667508 49.6415534
18.366808 49.6418544
18.3668954 49.6422756
18.3669077 49.6424096
18.3668868 49.6425402
18.366544 49.6428651
18.3660441 49.6432072
18.3656852 49.6436901
18.3654427 49.6441723
18.3653391 49.6443596
18.3653131 49.6444218
18.3653104 49.6444791
18.3653201 49.6445198
18.3653694 49.6446432
18.3654445 49.6447839
18.3657691 49.6451573
18.3661229 49.6458696
18.3676925 49.6475654
18.3683312 49.648173
18.3684856 49.6484015
18.3686716 49.6490649
18.368494 49.650081
18.3682799 49.6507385
18.3682279 49.6509893
18.3677013 49.6525832
18.367138 49.6539142
18.3663989 49.6551421
18.366324 49.6552665
18.3662037 49.6554314
18.3658038 49.6559798
18.3653171 49.6565472
18.3645122 49.6575674
18.3633169 49.6594231
18.3627886 49.6610025
18.3626483 49.6625889
18.362362 49.663792
18.3623228 49.6639567
18.3623361 49.6641531
18.3622835 49.6642035
18.3621732 49.664971
18.3621777 49.6653532
18.3620374 49.6658842
18.3618732 49.6667916
18.3615813 49.6673722
18.3614441 49.667645
18.360362 49.66878
18.360197 49.6689239
18.3599597 49.6691309
18.3597571 49.6694709
18.3597087 49.6696372
18.3597415 49.6701038
18.3597136 49.6701424
18.3594727 49.6704758
18.3594249 49.6705419
18.3591972 49.6708028
18.358811 49.6711438
18.3584175 49.6713661
18.3578741 49.6716023
18.3572574 49.6718029
18.3566447 49.6718842
18.3557894 49.6719409
18.3543882 49.6721616
18.353544 49.6722945
18.3529867 49.6724512
18.3521399 49.6728095
18.3515422 49.6732509
18.3514387 49.6733463
18.3503111 49.6743859
18.3499134 49.6748591
18.3494845 49.6753695
18.3489923 49.6760387
18.3484543 49.676852
18.347986 49.6776978
18.3474855 49.6785087
18.3470738 49.6792488
18.3469 49.6794564
18.3458391 49.6804769
18.3451878 49.6812896
18.3448075 49.6819225
18.3447011 49.682155
18.3446162 49.6823403
18.3445558 49.6826682
18.3445004 49.683639
18.3443305 49.6840412
18.344119 49.684358
18.3437223 49.6847067
18.3432891 49.6850309
18.3426659 49.6853643
18.3419114 49.6856697
18.3411934 49.6858835
18.3397909 49.6861331
18.3364267 49.6865497
18.3359758 49.6866341
18.3351336 49.6867999
18.3345465 49.6869827
18.3340251 49.6871953
18.3336607 49.6874243
18.333185 49.6876914
18.3326698 49.687984
18.3325437 49.6880403
18.3317363 49.688453
18.3305946 49.688877
18.3301229 49.6890907
18.3295073 49.6895048
18.3288685 49.6902157
18.3286362 49.6906067
18.3284309 49.6910675
18.3283227 49.6918157
18.3282801 49.6924159
18.3281521 49.695017
18.3280441 49.6954209
18.3279367 49.6958227
18.3275564 49.6965519
18.3275418 49.6966129
18.3270092 49.6974997
18.3267864 49.6980635
18.3263216 49.6990813
18.3261509 49.6994288
18.3258233 49.7003021
18.3241003 49.7043723
18.3236622 49.7053566
18.323393 49.7058244
18.3228001 49.7066698
18.3217984 49.7079348
18.321433 49.7082972
18.321343 49.7084076
18.3206467 49.7092378
18.3201895 49.7097181
18.3192278 49.7106398
18.3181718 49.711728
18.3177997 49.7121115
18.3171799 49.7128723
18.3166948 49.7134053
18.3162285 49.7139801
18.3150604 49.7157902
18.3144965 49.7167514
18.3137573 49.7183509
18.3135215 49.7188706
18.3132894 49.7197297
18.3132022 49.7200524
18.3131539 49.7202312
18.3129599 49.7211479
18.3128105 49.7216246
18.3126476 49.7221921
18.3124958 49.7230233
18.3121038 49.7240174
18.3116931 49.7247519
18.3114412 49.7250685
18.3109296 49.7255095
18.3107088 49.7257617
18.3103448 49.7260431
18.3097754 49.7264028
18.3093438 49.7266259
18.3084491 49.7270035
18.3071716 49.7274331
18.3063533 49.7275853
18.3052304 49.7281014
18.3044356 49.7285119
18.3040229 49.728824
18.3035743 49.7293039
18.3033194 49.7296697
18.3031839 49.7298828
18.3029526 49.7303937
18.3025155 49.7323336
18.302266 49.7330494
18.3020807 49.733855
18.3019726 49.7341967
18.3019534 49.7354873
18.3020866 49.7367851
18.3022189 49.7372231
18.3023102 49.7378838
18.302303 49.7381699
18.3021875 49.7385756
18.3018469 49.7393543
18.3013436 49.7399564
18.3010219 49.7402402
18.3003823 49.7407007
18.298622 49.7417899
18.2971078 49.7429882
18.2966814 49.7434041
18.2962245 49.743952
18.2959376 49.7443854
18.2958234 49.7446923
18.295826 49.7459102
18.2957935 49.7464039
18.2958418 49.7468877
18.2961282 49.7478711
18.2964042 49.7485701
18.2965927 49.748953
18.296827 49.7492996
18.2973431 49.7498383
18.2973978 49.7499392
18.2980913 49.7507244
18.2993328 49.7517293
18.3000345 49.752424
18.3005555 49.7532205
18.3008539 49.7536868
18.3009514 49.7542289
18.3015131 49.7549167
18.3029354 49.7562329
18.3037577 49.7570829
18.3040869 49.7573445
18.3050238 49.7582236
18.3055207 49.7588259
18.3058081 49.7592352
18.3061425 49.7597956
18.3062952 49.7600327
18.3065376 49.7605848
18.3066429 49.7612203
18.3066429 49.7618281
18.3062658 49.7629234
18.3058485 49.763592
18.304843 49.764511
18.303426 49.7655406
18.3028214 49.7659016
18.3010551 49.7671392
18.2976312 49.7699924
18.2967822 49.7708202
18.2962372 49.7715361
18.2957745 49.7722123
18.2957428 49.7722429
18.295316 49.7726702
18.2935125 49.7749554
18.2930433 49.7753845
18.2925934 49.7757174
18.2918277 49.7761931
18.2903095 49.7773592
18.2899216 49.7777034
18.2894139 49.7783267
18.2890875 49.7787895
18.2887224 49.7796397
18.2885474 49.7802068
18.288211 49.7817104
18.2878984 49.782336
18.2870502 49.7832672
18.2867216 49.7835746
18.2862556 49.7839659
18.2855353 49.7844462
18.2849851 49.7849392
18.2844953 49.7854339
18.2839048 49.7861733
18.2837461 49.7864181
18.2835399 49.7867927
18.28334 49.7873101
18.2832244 49.7876656
18.2830634 49.788368
18.2828519 49.7904406
18.2826603 49.7909521
18.2820841 49.7922502
18.2811824 49.7936792
18.2807235 49.794282
18.279634 49.7954305
18.2792221 49.7959459
18.279041 49.7963023
18.2787433 49.7970613
18.2785877 49.7978422
18.2785974 49.7978737
18.2789826 49.7986927
18.27931 49.7992851
18.279541 49.7996561
18.2800685 49.8002578
18.2815108 49.8017122
18.2819798 49.802109
18.2824364 49.8026772
18.2827496 49.803067
18.2829958 49.803442
18.2831956 49.8040044
18.2837933 49.8054169
18.285229 49.8075606
18.2853968 49.8077837
18.2862156 49.8088755
18.2865075 49.8094156
18.2867694 49.8100357
18.287052 49.8105393
18.2881841 49.8140956
18.2888991 49.8162516
18.2891646 49.8170521
18.2893825 49.8176275
18.2895495 49.8185406
18.2896228 49.819243
18.2895206 49.8199146
18.2894685 49.8204468
18.2886665 49.8229917
18.2886243 49.8233438
18.2886505 49.8237176
18.2888792 49.8243867
18.2891293 49.824904
18.2898598 49.825957
18.2902838 49.8264857
18.2908755 49.8270882
18.2917167 49.828013
18.2937623 49.8301484
18.2945878 49.8308324
18.2961276 49.8318212
18.2965472 49.8321123
18.297004 49.832851
18.2972546 49.833462
18.2972813 49.8340937
18.2972574 49.8343792
18.2969293 49.8360153
18.2968609 49.8365625
18.2968067 49.8367337
18.2965317 49.8372302
18.2964139 49.8373726
18.2962279 49.8375948
18.2950644 49.83899
18.2940197 49.8403076
18.2932728 49.8416898
18.2925658 49.8432799
18.292489 49.8435205
18.2923202 49.8442449
18.2923157 49.8443255
18.2923236 49.8447208
18.2924033 49.8452371
18.2925148 49.845607
18.2931192 49.8466475
18.2934849 49.8473543
18.2936482 49.8477035
18.2937319 49.8480055
18.2937073 49.8484416
18.2935599 49.8490753
18.2932092 49.8498036
18.2926888 49.8507315
18.2921835 49.8513962
18.2913225 49.852057
18.2896499 49.8528072
18.2885023 49.8533648
18.2875529 49.8539797
18.286716 49.8546685
18.286206 49.8552384
18.2859169 49.8556416
18.285773 49.8560359
18.2854857 49.8574844
18.2852268 49.8583132
18.285113 49.8586421
18.2850282 49.8587967
18.2845795 49.8594541
18.2833978 49.8604604
18.2826063 49.8609406
18.2806087 49.8618764
18.2802109 49.8621304
18.2798973 49.8624112
18.2796385 49.8626951
18.279453 49.8630151
18.2791751 49.8637511
18.2789592 49.864696
18.2789099 49.8650383
18.2790202 49.8657297
18.2791476 49.8660621
18.2794852 49.8666922
18.2796156 49.8670026
18.2798704 49.867507
18.2801108 49.8679654
18.2803422 49.8683217
18.2806775 49.8691475
18.2807694 49.8695194
