18.4155573 49.512418
18.415153 49.51255
18.4148754 49.5126407
18.4146919 49.5127332
18.4145778 49.5128207
18.414452 49.5129883
18.4142486 49.5134639
18.4138031 49.5144884
18.4134764 49.5158793
18.4132809 49.5162687
18.4130371 49.5165929
18.4116393 49.5181055
18.4111145 49.5186508
18.4108343 49.5189074
18.4100165 49.519541
18.4082155 49.5206394
18.4079587 49.5208267
18.4077047 49.5210585
18.4071317 49.521704
18.4069245 49.5220279
18.4067619 49.5222871
18.4066332 49.5225369
18.4065771 49.5227511
18.4065603 49.523079
18.4067663 49.5235699
18.4067376 49.5236596
18.4066596 49.5237366
18.4058114 49.5242172
18.4055967 49.5243589
18.4049305 49.5248242
18.4047497 49.524937
18.4038975 49.5253954
18.4035291 49.5255476
18.403138 49.5256461
18.4026187 49.5257748
18.4003143 49.5262326
18.3997304 49.5264234
18.3992719 49.5266279
18.3989443 49.5268417
18.398495 49.527233
18.3977936 49.5281225
18.3974415 49.5285055
18.3971885 49.5287138
18.3967931 49.528994
18.3956819 49.5295677
18.3954197 49.5297372
18.3950747 49.5300488
18.3946522 49.5306027
18.3937928 49.5315674
18.3933632 49.5321653
18.3931756 49.5325871
18.3930948 49.5329173
18.3930837 49.5333796
18.3933088 49.5339732
18.3934018 49.5341626
18.3935399 49.534345
